V3 POS500KB MEAN_cM
1 0 4.14120329678793
1 5e+05 4.14120329620116
1 1e+06 4.08248321458102
1 1500000 4.84899695273393
1 2e+06 6.54183370052406
1 2500000 7.43451035290217
1 3e+06 7.89524709212408
1 3500000 7.60736514231926
1 4e+06 7.84266990941143
1 4500000 7.92708831272621
1 5e+06 7.80612010706487
1 5500000 7.39981904631041
1 6e+06 7.01952956261671
1 6500000 6.69951271557368
1 7e+06 6.46551946683049
1 7500000 6.20430515179447
1 8e+06 5.86636008990263
1 8500000 5.56609325904981
1 9e+06 5.3449935973433
1 9500000 5.16517321077936
1 1e+07 5.0092094561262
1 10500000 4.80445613419996
1 1.1e+07 4.58153279576796
1 11500000 4.41050776341733
1 1.2e+07 4.24135515924183
1 12500000 4.10164137471794
1 1.3e+07 3.95541616775693
1 13500000 3.81369520299403
1 1.4e+07 3.71818965966985
1 14500000 3.60960128810427
1 1.5e+07 3.48325109910873
1 15500000 3.38150669147017
1 1.6e+07 3.2695767521564
1 16500000 3.19515237418919
1 1.7e+07 3.11349361111524
1 17500000 3.04284987647732
1 1.8e+07 2.95934073514946
1 18500000 2.89540323766946
1 1.9e+07 2.83218494838144
1 19500000 2.77036650766948
1 2e+07 2.71715138445014
1 20500000 2.65308176123509
1 2.1e+07 2.59732728745271
1 21500000 2.55669474430979
1 2.2e+07 2.53112193667909
1 22500000 2.51158493708488
1 2.3e+07 2.47899089379891
1 23500000 2.43676511303632
1 2.4e+07 2.41085764832287
1 24500000 2.37212158829581
1 2.5e+07 2.33104427923062
1 25500000 2.30345941114692
1 2.6e+07 2.26085039042459
1 26500000 2.23290513628351
1 2.7e+07 2.2053126341279
1 27500000 2.17801269733226
1 2.8e+07 2.14928843998606
1 28500000 2.12673084719402
1 2.9e+07 2.09959932999631
1 29500000 2.06749888640141
1 3e+07 2.04817415640603
1 30500000 2.02957282004695
1 3.1e+07 1.99855580525739
1 31500000 1.97730370880759
1 3.2e+07 1.95835321227036
1 32500000 1.93927395124633
1 3.3e+07 1.92228770732134
1 33500000 1.899958053705
1 3.4e+07 1.87750126414281
1 34500000 1.85539617688281
1 3.5e+07 1.84714177407562
1 35500000 1.82945328793391
1 3.6e+07 1.81733003572199
1 36500000 1.79965427715425
1 3.7e+07 1.77619385279367
1 37500000 1.76748741027654
1 3.8e+07 1.75003286693714
1 38500000 1.72869309953115
1 3.9e+07 1.7036341685172
1 39500000 1.68505694901387
1 4e+07 1.67440979622845
1 40500000 1.66068222869638
1 4.1e+07 1.64039447241471
1 41500000 1.62401548182423
1 4.2e+07 1.61001276007697
1 42500000 1.59598530020589
1 4.3e+07 1.58159721467517
1 43500000 1.5668776771729
1 4.4e+07 1.55849030637655
1 44500000 1.55236752485933
1 4.5e+07 1.54615205931223
1 45500000 1.53978615245714
1 4.6e+07 1.53412949903238
1 46500000 1.52825325508922
1 4.7e+07 1.51641898371918
1 47500000 1.50215488023242
1 4.8e+07 1.4919864684705
1 48500000 1.47806669129365
1 4.9e+07 1.46764095340719
1 49500000 1.46194427193023
1 5e+07 1.45379930425045
1 50500000 1.4461099613658
1 5.1e+07 1.44123118062349
1 51500000 1.43636223127829
1 5.2e+07 1.42490832603348
1 52500000 1.4130589694619
1 5.3e+07 1.40443373383155
1 53500000 1.39556939340285
1 5.4e+07 1.38265923807132
1 54500000 1.37305842313829
1 5.5e+07 1.36485349279622
1 55500000 1.35556517918031
1 5.6e+07 1.34983185959436
1 56500000 1.34353565861871
1 5.7e+07 1.33594395850894
1 57500000 1.32849627187054
1 5.8e+07 1.3215018240641
1 58500000 1.31336466523652
1 5.9e+07 1.30886888944129
1 59500000 1.30025252974559
1 6e+07 1.29218248775397
1 60500000 1.28265559534614
1 6.1e+07 1.27399189409887
1 61500000 1.26753906564121
1 6.2e+07 1.26340084965181
1 62500000 1.25612630863467
1 6.3e+07 1.25160129586056
1 63500000 1.27497912093764
1 6.4e+07 1.27261961611223
1 64500000 1.26706147215097
1 6.5e+07 1.2612383783753
1 65500000 1.25525122728749
1 6.6e+07 1.25012575925196
1 66500000 1.24452932418528
1 6.7e+07 1.23748912403295
1 67500000 1.23035012625456
1 6.8e+07 1.2274643878728
1 68500000 1.22192998592236
1 6.9e+07 1.22242525530412
1 69500000 1.21818894400279
1 7e+07 1.21423048093755
1 70500000 1.21285620379714
1 7.1e+07 1.20451178557069
1 71500000 1.19642772762901
1 7.2e+07 1.19209232482537
1 72500000 1.19021601283158
1 7.3e+07 1.18218500237286
1 73500000 1.17815616934003
1 7.4e+07 1.17199309526229
1 74500000 1.16672555883184
1 7.5e+07 1.16296858511435
1 75500000 1.15941412710895
1 7.6e+07 1.15675781266149
1 76500000 1.15400394012416
1 7.7e+07 1.15110092572709
1 77500000 1.14851598055526
1 7.8e+07 1.14302459069919
1 78500000 1.13755359318034
1 7.9e+07 1.130335136904
1 79500000 1.12374046478932
1 8e+07 1.1190693467488
1 80500000 1.11484058339056
1 8.1e+07 1.10926635404207
1 81500000 1.10397268419016
1 8.2e+07 1.10219979070301
1 82500000 1.10763517756361
1 8.3e+07 1.10806899011641
1 83500000 1.10147317674014
1 8.4e+07 1.09511217721305
1 84500000 1.08839618968341
1 8.5e+07 1.0818582216683
1 85500000 1.08416881049723
1 8.6e+07 1.07903012361585
1 86500000 1.07853710190465
1 8.7e+07 1.07403901372745
1 87500000 1.07203018724441
1 8.8e+07 1.07254330873049
1 88500000 1.07392960143337
1 8.9e+07 1.07080630986969
1 89500000 1.06474397761113
1 9e+07 1.06096538683023
1 90500000 1.05722619952599
1 9.1e+07 1.05686217130592
1 91500000 1.05745566074051
1 9.2e+07 1.05713314324381
1 92500000 1.05988631188247
1 9.3e+07 1.06361446454413
1 93500000 1.06448406914962
1 9.4e+07 1.06090499325235
1 94500000 1.05932370884837
1 9.5e+07 1.06084282125512
1 95500000 1.06781079584144
1 9.6e+07 1.07143818501278
1 96500000 1.0770842223401
1 9.7e+07 1.08289794855676
1 97500000 1.08935985256521
1 9.8e+07 1.09399741931185
1 98500000 1.09833335088801
1 9.9e+07 1.10007095146389
1 99500000 1.10392699896149
1 1e+08 1.10688555864321
1 100500000 1.10350680553991
1 1.01e+08 1.10132903603556
1 101500000 1.1166034188368
1 1.02e+08 1.12383709495604
1 102500000 1.13705639970056
1 1.03e+08 1.14659378512252
1 103500000 1.15282172898348
1 1.04e+08 1.16879065465564
1 104500000 1.1796481961811
1 1.05e+08 1.18976523025303
1 105500000 1.19684987978409
1 1.06e+08 1.20834105268625
1 106500000 1.21518330303824
1 1.07e+08 1.22156812162676
1 107500000 1.2287392776729
1 1.08e+08 1.23598764205307
1 108500000 1.24221220997374
1 1.09e+08 1.24239378082427
1 109500000 1.24541727525272
1 1.1e+08 1.24339958812696
1 110500000 1.24302859867228
1 1.11e+08 1.24156381469416
1 111500000 1.24237702102414
1 1.12e+08 1.25481806685604
1 112500000 1.25702712335796
1 1.13e+08 1.26199212649189
1 113500000 1.26172557129091
1 1.14e+08 1.25937618403584
2 0 4.79516392948245
2 5e+05 4.79516392945883
2 1e+06 4.79516392945654
2 1500000 4.76656642905127
2 2e+06 5.14179554163302
2 2500000 5.5930446843325
2 3e+06 5.60046120439189
2 3500000 5.42711435009663
2 4e+06 5.83152270442589
2 4500000 5.85355201761078
2 5e+06 5.65524912396789
2 5500000 5.49823246062121
2 6e+06 5.3002172286456
2 6500000 5.19847203857316
2 7e+06 5.02833473073413
2 7500000 4.82999087199953
2 8e+06 4.56086124928602
2 8500000 4.31598153443876
2 9e+06 4.1010338849954
2 9500000 3.93327173359441
2 1e+07 3.77486106685565
2 10500000 3.6666636665884
2 1.1e+07 3.60174665836086
2 11500000 3.5420746755887
2 1.2e+07 3.41559244789813
2 12500000 3.31267143514781
2 1.3e+07 3.20927696351681
2 13500000 3.10985785035121
2 1.4e+07 3.02837940914585
2 14500000 2.94062513019073
2 1.5e+07 2.86040994462242
2 15500000 2.77632643432082
2 1.6e+07 2.69891192664218
2 16500000 2.66140336348986
2 1.7e+07 2.62855976679
2 17500000 2.58761478291409
2 1.8e+07 2.54530768400379
2 18500000 2.49556394586657
2 1.9e+07 2.44471676387958
2 19500000 2.38922367268226
2 2e+07 2.33866421065215
2 20500000 2.2850306902469
2 2.1e+07 2.23868539944966
2 21500000 2.19810832138303
2 2.2e+07 2.16779651921664
2 22500000 2.13139625124424
2 2.3e+07 2.09267772427206
2 23500000 2.0592760926897
2 2.4e+07 2.02188998094639
2 24500000 1.99598971375646
2 2.5e+07 1.97253697398228
2 25500000 1.95011058259421
2 2.6e+07 1.92531467962986
2 26500000 1.90021087936044
2 2.7e+07 1.87470147355125
2 27500000 1.84747760194826
2 2.8e+07 1.8300448860729
2 28500000 1.80873071003692
2 2.9e+07 1.78378963697911
2 29500000 1.76911056788369
2 3e+07 1.74747425982123
2 30500000 1.74032214108007
2 3.1e+07 1.73862051927654
2 31500000 1.72170848716933
2 3.2e+07 1.72157784460124
2 32500000 1.71894975811052
2 3.3e+07 1.70659855609764
2 33500000 1.69347251845999
2 3.4e+07 1.67514411543213
2 34500000 1.65313920189564
2 3.5e+07 1.63284431823466
2 35500000 1.62376381926115
2 3.6e+07 1.61913362333863
2 36500000 1.61087680477465
2 3.7e+07 1.60053245194439
2 37500000 1.59528960003805
2 3.8e+07 1.5879455412213
2 38500000 1.58012582766575
2 3.9e+07 1.57599814227804
2 39500000 1.55727189964163
2 4e+07 1.54736819581529
2 40500000 1.5477009217598
2 4.1e+07 1.54087744819856
2 41500000 1.53400669557757
2 4.2e+07 1.52211622727601
2 42500000 1.50756903958566
2 4.3e+07 1.49440843330473
2 43500000 1.48581557777841
2 4.4e+07 1.47579117333705
2 44500000 1.46701324641122
2 4.5e+07 1.45926198482221
2 45500000 1.46708117979873
2 4.6e+07 1.4575804625978
2 46500000 1.44550554036915
2 4.7e+07 1.43727917501765
2 47500000 1.42648566205724
2 4.8e+07 1.43498392872327
2 48500000 1.43410473192438
2 4.9e+07 1.44316935644907
2 49500000 1.44975834279633
2 5e+07 1.46656835700573
2 50500000 1.46323525472705
2 5.1e+07 1.45519865167816
2 51500000 1.45545726569417
2 5.2e+07 1.44568059087738
2 52500000 1.43600806107753
2 5.3e+07 1.42769656171408
2 53500000 1.41688205167024
2 5.4e+07 1.40596295253404
2 54500000 1.39352053836112
2 5.5e+07 1.38093869731916
2 55500000 1.37917964188146
2 5.6e+07 1.38280939865978
2 56500000 1.37344813121967
2 5.7e+07 1.36437550551124
2 57500000 1.35926066931472
2 5.8e+07 1.35369548968746
2 58500000 1.352642256882
2 5.9e+07 1.35914407055377
2 59500000 1.3649517052672
2 6e+07 1.37074261509182
2 60500000 1.35897578509907
2 6.1e+07 1.3519120126539
2 61500000 1.342700880136
2 6.2e+07 1.33645420976155
2 62500000 1.32699221107285
2 6.3e+07 1.32066367189845
2 63500000 1.31695052527388
2 6.4e+07 1.31465200780594
2 64500000 1.31704237538914
2 6.5e+07 1.3131592836492
2 65500000 1.30859164408474
2 6.6e+07 1.30453603394155
2 66500000 1.30037253823476
2 6.7e+07 1.29458994200636
2 67500000 1.29385912540922
2 6.8e+07 1.29903311033417
2 68500000 1.29671529927856
2 6.9e+07 1.28784488316297
2 69500000 1.28387756848678
2 7e+07 1.28055650467651
2 70500000 1.27218675354586
2 7.1e+07 1.26392100004572
2 71500000 1.2556867730379
2 7.2e+07 1.24738128626257
2 72500000 1.23955788523823
2 7.3e+07 1.23236269665736
2 73500000 1.22497523511283
2 7.4e+07 1.2177497329586
2 74500000 1.21098854297
2 7.5e+07 1.20397281049123
2 75500000 1.19614264081929
2 7.6e+07 1.19002388424302
2 76500000 1.18274804436064
2 7.7e+07 1.17612611669488
2 77500000 1.1706472115193
2 7.8e+07 1.16370252570698
2 78500000 1.1566451630215
2 7.9e+07 1.14957207066085
2 79500000 1.1431886586304
2 8e+07 1.13423607460264
2 80500000 1.12752970888648
2 8.1e+07 1.12134675791916
2 81500000 1.11371466322031
2 8.2e+07 1.10699966701667
2 82500000 1.09994648485516
2 8.3e+07 1.09309959512771
2 83500000 1.08779224032967
2 8.4e+07 1.08277504309521
2 84500000 1.07839273077338
2 8.5e+07 1.07327793212857
2 85500000 1.06754952806604
2 8.6e+07 1.06264293672977
2 86500000 1.05936067985878
2 8.7e+07 1.0538314212938
2 87500000 1.05213119563562
2 8.8e+07 1.04807052527481
2 88500000 1.04263697505581
2 8.9e+07 1.04038926401453
2 89500000 1.03878419336125
2 9e+07 1.03585033346928
2 90500000 1.03071491593285
2 9.1e+07 1.03077211311873
2 91500000 1.02851530132063
2 9.2e+07 1.02644201513806
2 92500000 1.02620596298418
2 9.3e+07 1.02225447856063
2 93500000 1.01630003222828
2 9.4e+07 1.0140784810493
2 94500000 1.0122273839634
2 9.5e+07 1.00705675411976
2 95500000 1.00248269648222
2 9.6e+07 1.0054425340317
2 96500000 1.00396582136698
2 9.7e+07 1.00213144889793
2 97500000 1.0003425658006
2 9.8e+07 0.998275047764166
2 98500000 0.998476265478184
2 9.9e+07 0.995068215900835
2 99500000 0.990990311982112
2 1e+08 0.987697722681172
2 100500000 0.982846226911375
2 1.01e+08 0.988191453887797
2 101500000 0.989394335078101
2 1.02e+08 0.989052429974681
2 102500000 0.987322989519542
2 1.03e+08 0.987311679456197
2 103500000 0.991357351292956
2 1.04e+08 0.99060827723778
2 104500000 0.989535495230059
2 1.05e+08 0.987851645819374
2 105500000 0.983330120344406
2 1.06e+08 0.987480853332391
2 106500000 0.989299002879078
2 1.07e+08 0.987558401103452
2 107500000 0.986570377001836
2 1.08e+08 0.986368332173704
2 108500000 0.990494397061253
2 1.09e+08 0.988646652361334
2 109500000 0.98826037162664
2 1.1e+08 0.98783218448495
2 110500000 0.989651016841429
2 1.11e+08 0.98966813621587
2 111500000 0.987442732166866
2 1.12e+08 0.98371190505405
2 112500000 0.98383735330302
2 1.13e+08 0.983168520666542
2 113500000 0.981052348146237
2 1.14e+08 0.978945206466196
2 114500000 0.977743916461591
2 1.15e+08 0.976465234099254
2 115500000 0.974953004328646
2 1.16e+08 0.975002578064498
2 116500000 0.973560374242183
2 1.17e+08 0.969700930883868
2 117500000 0.970538595777191
2 1.18e+08 0.966824557708353
2 118500000 0.96436273361421
2 1.19e+08 0.960762039957587
2 119500000 0.959264535289543
2 1.2e+08 0.95585378450839
2 120500000 0.954340962108569
2 1.21e+08 0.952901771028378
2 121500000 0.952188372778483
2 1.22e+08 0.951607752895379
2 122500000 0.948380499431157
2 1.23e+08 0.947740373445988
2 123500000 0.946423208572798
2 1.24e+08 0.9427219657524
2 124500000 0.939020409627629
2 1.25e+08 0.93694834252719
2 125500000 0.93562355151539
2 1.26e+08 0.93292292483121
2 126500000 0.929860985864358
2 1.27e+08 0.928483107058473
2 127500000 0.927281121636886
2 1.28e+08 0.925009552509
2 128500000 0.921708316021927
2 1.29e+08 0.920802233869828
2 129500000 0.91843103090371
2 1.3e+08 0.916186651208178
2 130500000 0.912983131172923
2 1.31e+08 0.910640122638008
2 131500000 0.909311715306202
2 1.32e+08 0.908596416513484
2 132500000 0.906097781767343
2 1.33e+08 0.902910724669155
2 133500000 0.901791172031588
2 1.34e+08 0.900135088607254
2 134500000 0.897479092393384
2 1.35e+08 0.894742175903108
2 135500000 0.893794071130131
2 1.36e+08 0.891875029024441
2 136500000 0.890252541679362
2 1.37e+08 0.889165714947171
2 137500000 0.88629315572066
2 1.38e+08 0.88306342037606
2 138500000 0.881154281172394
2 1.39e+08 0.880038509994692
2 139500000 0.878310294058886
2 1.4e+08 0.876959220190941
2 140500000 0.874701640039733
2 1.41e+08 0.875496657293957
2 141500000 0.875720859618994
2 1.42e+08 0.875435545317186
2 142500000 0.87383858715831
2 1.43e+08 0.874625994443598
2 143500000 0.872796781277118
2 1.44e+08 0.873806295950149
2 144500000 0.879494033045836
2 1.45e+08 0.885375224687567
2 145500000 0.890129271320999
2 1.46e+08 0.89141088406969
2 146500000 0.899863691191058
2 1.47e+08 0.905662817544337
2 147500000 0.912665507341169
2 1.48e+08 0.917191956074602
2 148500000 0.924077693206026
2 1.49e+08 0.936253754615802
2 149500000 0.952451573612886
2 1.5e+08 0.964535046343003
2 150500000 0.993460281689769
3 0 4.54938958676409
3 5e+05 4.54827397398639
3 1e+06 3.86958074349219
3 1500000 2.89803030859943
3 2e+06 2.52260286747822
3 2500000 2.15035403021524
3 3e+06 1.96476836998372
3 3500000 1.8034146763858
3 4e+06 1.78490120254289
3 4500000 1.85977243248819
3 5e+06 1.9693790247
3 5500000 1.9460446355362
3 6e+06 2.085690878828
3 6500000 2.20050233587737
3 7e+06 2.49334400351306
3 7500000 2.64171721632953
3 8e+06 2.82263147122387
3 8500000 3.07432646727675
3 9e+06 3.21790553621604
3 9500000 3.1483655734054
3 1e+07 3.09047184740342
3 10500000 3.05455170667451
3 1.1e+07 3.00578361732494
3 11500000 2.9214748390182
3 1.2e+07 2.87391965100961
3 12500000 2.82317404693531
3 1.3e+07 2.81186016547433
3 13500000 2.75883523419108
3 1.4e+07 2.72466262656637
3 14500000 2.72498122890649
3 1.5e+07 2.72474070424183
3 15500000 2.71387968309177
3 1.6e+07 2.69014326043336
3 16500000 2.63208978097486
3 1.7e+07 2.57312327581577
3 17500000 2.51216380773702
3 1.8e+07 2.4824207975354
3 18500000 2.48170556765167
3 1.9e+07 2.44511087968985
3 19500000 2.41091074023458
3 2e+07 2.38995396748143
3 20500000 2.35088336487494
3 2.1e+07 2.30221180963395
3 21500000 2.27131658097072
3 2.2e+07 2.26312288184505
3 22500000 2.22658420312746
3 2.3e+07 2.19103557152242
3 23500000 2.17764175623846
3 2.4e+07 2.14702778852479
3 24500000 2.10299305933387
3 2.5e+07 2.0612164950672
3 25500000 2.02162863027959
3 2.6e+07 1.98015779773165
3 26500000 1.9435453692301
3 2.7e+07 1.91080808662437
3 27500000 1.87347655269281
3 2.8e+07 1.84113968360967
3 28500000 1.80803330456604
3 2.9e+07 1.77791740684808
3 29500000 1.7446528780179
3 3e+07 1.71565116495344
3 30500000 1.68790316738457
3 3.1e+07 1.65635539822094
3 31500000 1.63558768560963
3 3.2e+07 1.609532327104
3 32500000 1.58542333956543
3 3.3e+07 1.56003038922872
3 33500000 1.54453212598982
3 3.4e+07 1.53099184652744
3 34500000 1.50985001659564
3 3.5e+07 1.49258804566739
3 35500000 1.4880312332424
3 3.6e+07 1.46609093897428
3 36500000 1.44615123075706
3 3.7e+07 1.43467608297008
3 37500000 1.42470150692155
3 3.8e+07 1.4099500553252
3 38500000 1.39733986810584
3 3.9e+07 1.39276612436782
3 39500000 1.37816800377576
3 4e+07 1.3720984196328
3 40500000 1.35804388900797
3 4.1e+07 1.34413573233094
3 41500000 1.33663313584929
3 4.2e+07 1.3295719108688
3 42500000 1.31604016261051
3 4.3e+07 1.30699481374402
3 43500000 1.29737020275785
3 4.4e+07 1.28831610000169
3 44500000 1.28113016265359
3 4.5e+07 1.27117886960273
3 45500000 1.25783499937611
3 4.6e+07 1.2460556912008
3 46500000 1.24440856656624
3 4.7e+07 1.23399870208702
3 47500000 1.22465129014225
3 4.8e+07 1.22214822940949
3 48500000 1.21077179699212
3 4.9e+07 1.2042014039254
3 49500000 1.19912800027132
3 5e+07 1.19653861985389
3 50500000 1.20055687477033
3 5.1e+07 1.19232003094283
3 51500000 1.18383242681819
3 5.2e+07 1.17497574221218
3 52500000 1.16472649939227
3 5.3e+07 1.15681956451296
3 53500000 1.1467970122215
3 5.4e+07 1.14103821838944
3 54500000 1.13197876428158
3 5.5e+07 1.12609895769146
3 55500000 1.12214772941609
3 5.6e+07 1.11969682079791
3 56500000 1.11719211891627
3 5.7e+07 1.11739176751362
3 57500000 1.11642167217316
3 5.8e+07 1.11926321976616
3 58500000 1.11432236837341
3 5.9e+07 1.11187118975998
3 59500000 1.10731142231265
3 6e+07 1.09959165267404
3 60500000 1.09985644219955
3 6.1e+07 1.10218485434001
3 61500000 1.09496687572221
3 6.2e+07 1.09007013475132
3 62500000 1.08693477656547
3 6.3e+07 1.08138570187454
3 63500000 1.07970452086246
3 6.4e+07 1.07627095271591
3 64500000 1.07166151603255
3 6.5e+07 1.07421939421705
3 65500000 1.07242294570523
3 6.6e+07 1.07058730087245
3 66500000 1.06765808815984
3 6.7e+07 1.06902159989004
3 67500000 1.07401745214382
3 6.8e+07 1.06767094671149
3 68500000 1.06319952565114
3 6.9e+07 1.05912449386671
3 69500000 1.05322520849714
3 7e+07 1.04854460541866
3 70500000 1.04201755556139
3 7.1e+07 1.03883560822641
3 71500000 1.03615049580213
3 7.2e+07 1.03491520963832
3 72500000 1.03098233754304
3 7.3e+07 1.02399474251059
3 73500000 1.02149229076395
3 7.4e+07 1.02412741098844
3 74500000 1.02323931544093
3 7.5e+07 1.02104007831704
3 75500000 1.01852334186993
3 7.6e+07 1.01685117705093
3 76500000 1.01634781158183
3 7.7e+07 1.01256937268208
3 77500000 1.00891027097366
3 7.8e+07 1.00409010846881
3 78500000 0.998125087259156
3 7.9e+07 0.994909476494412
3 79500000 0.99058702555238
3 8e+07 0.985919435551174
3 80500000 0.983418594274388
3 8.1e+07 0.980445957530724
3 81500000 0.974499841273491
3 8.2e+07 0.969585262751576
3 82500000 0.96702048309206
3 8.3e+07 0.963987198673049
3 83500000 0.95875617724629
3 8.4e+07 0.954742600346352
3 84500000 0.952953162776672
3 8.5e+07 0.952578789453576
3 85500000 0.949893308607102
3 8.6e+07 0.945734432655564
3 86500000 0.941578111775951
3 8.7e+07 0.937610488902261
3 87500000 0.93359680548358
3 8.8e+07 0.929363015662594
3 88500000 0.927689141018619
3 8.9e+07 0.924537132394762
3 89500000 0.921157046024665
3 9e+07 0.918760300885816
3 90500000 0.915645577652574
3 9.1e+07 0.913190918076317
3 91500000 0.910663130069301
3 9.2e+07 0.907951739414001
3 92500000 0.904912045459978
3 9.3e+07 0.901804945773398
3 93500000 0.898196102781806
3 9.4e+07 0.894218682329476
3 94500000 0.890418299717207
3 9.5e+07 0.886572126190166
3 95500000 0.882894400664913
3 9.6e+07 0.880570342944235
3 96500000 0.878204977273239
3 9.7e+07 0.875113192491894
3 97500000 0.871464000034565
3 9.8e+07 0.867272806324666
3 98500000 0.865458113820644
3 9.9e+07 0.864081301731799
3 99500000 0.861209789866939
3 1e+08 0.859222635986861
3 100500000 0.856462766944263
3 1.01e+08 0.853465013025365
3 101500000 0.852131286880027
3 1.02e+08 0.860496381002363
3 102500000 0.86223292905996
3 1.03e+08 0.85776738763355
3 103500000 0.857540530943896
3 1.04e+08 0.870023664406927
3 104500000 0.876379549513692
3 1.05e+08 0.873754106240245
3 105500000 0.872082720045648
3 1.06e+08 0.871836143518007
3 106500000 0.873774674458113
3 1.07e+08 0.87954132547851
3 107500000 0.879757337070434
3 1.08e+08 0.886038445440771
3 108500000 0.893572149232771
3 1.09e+08 0.913965794454814
3 109500000 0.93779064186123
3 1.1e+08 0.964865918972434
3 110500000 1.00158504270113
3 1.11e+08 1.0348480445821
3 111500000 1.0492954817209
4 0 0.442299739990557
4 5e+05 0.442299739549326
4 1e+06 0.442299739549893
4 1500000 0.466787822916182
4 2e+06 0.578238180582296
4 2500000 0.906001388263972
4 3e+06 1.16165896186905
4 3500000 1.66607715700371
4 4e+06 1.85952940324197
4 4500000 1.98292149649646
4 5e+06 2.15924489126279
4 5500000 2.12400653347777
4 6e+06 2.19666834512307
4 6500000 2.33300291218669
4 7e+06 2.41872153917012
4 7500000 2.43382184567447
4 8e+06 2.43589248462646
4 8500000 2.43607164134893
4 9e+06 2.37520953875238
4 9500000 2.28277832759516
4 1e+07 2.19589786013345
4 10500000 2.12933403181521
4 1.1e+07 2.12006443052334
4 11500000 2.03935920009529
4 1.2e+07 1.98822255780607
4 12500000 1.9654227089165
4 1.3e+07 1.98085005216161
4 13500000 1.95320855948229
4 1.4e+07 1.90517300811039
4 14500000 1.88591813512517
4 1.5e+07 1.88491979160746
4 15500000 1.88066334061899
4 1.6e+07 1.84499789064171
4 16500000 1.8106064091381
4 1.7e+07 1.79754760736643
4 17500000 1.81000444198738
4 1.8e+07 1.77787737568914
4 18500000 1.7424941777376
4 1.9e+07 1.71707515700511
4 19500000 1.70269746005031
4 2e+07 1.68049548667327
4 20500000 1.65787367235626
4 2.1e+07 1.6445203244463
4 21500000 1.62658038352545
4 2.2e+07 1.60728006721466
4 22500000 1.60949570675175
4 2.3e+07 1.61494912195457
4 23500000 1.61814954851088
4 2.4e+07 1.60304478385762
4 24500000 1.60178153686675
4 2.5e+07 1.584576518423
4 25500000 1.56908472270135
4 2.6e+07 1.54227748066369
4 26500000 1.51533018127669
4 2.7e+07 1.49917847714821
4 27500000 1.49374908657011
4 2.8e+07 1.48957386821102
4 28500000 1.49978672534989
4 2.9e+07 1.48594209555
4 29500000 1.47723552332535
4 3e+07 1.46742027983872
4 30500000 1.45725946205156
4 3.1e+07 1.45755796781155
4 31500000 1.4438794221789
4 3.2e+07 1.42862470372683
4 32500000 1.41838435988923
4 3.3e+07 1.40764320122262
4 33500000 1.3903029826218
4 3.4e+07 1.38950182232446
4 34500000 1.38002112354163
4 3.5e+07 1.36717684092417
4 35500000 1.36100263822077
4 3.6e+07 1.35494089906355
4 36500000 1.34350411118846
4 3.7e+07 1.33114580363374
4 37500000 1.3212404938412
4 3.8e+07 1.3093637435163
4 38500000 1.30044465831691
4 3.9e+07 1.29216449674117
4 39500000 1.28326213129718
4 4e+07 1.2698197537537
4 40500000 1.25785473749671
4 4.1e+07 1.25014877617223
4 41500000 1.24155893633777
4 4.2e+07 1.2293941806006
4 42500000 1.21657138323142
4 4.3e+07 1.20345545991502
4 43500000 1.19471168497717
4 4.4e+07 1.18557080859567
4 44500000 1.17673611175059
4 4.5e+07 1.16790573011798
4 45500000 1.15900601197813
4 4.6e+07 1.14950862032517
4 46500000 1.14214948889257
4 4.7e+07 1.13969804069825
4 47500000 1.13438176029414
4 4.8e+07 1.12738503575384
4 48500000 1.12456688314247
4 4.9e+07 1.12164076963202
4 49500000 1.11387347992552
4 5e+07 1.10617539248571
4 50500000 1.09809743755276
4 5.1e+07 1.0884208481966
4 51500000 1.0803789449078
4 5.2e+07 1.07405056502519
4 52500000 1.0656013689912
4 5.3e+07 1.05689059988917
4 53500000 1.04763312614447
4 5.4e+07 1.04214554707726
4 54500000 1.04389223987451
4 5.5e+07 1.03842670494974
4 55500000 1.03688803492643
4 5.6e+07 1.03458381340484
4 56500000 1.0295723882999
4 5.7e+07 1.02377600974627
4 57500000 1.01682829866493
4 5.8e+07 1.01278908159917
4 58500000 1.01218655473675
4 5.9e+07 1.0115460225038
4 59500000 1.01129680170849
4 6e+07 1.00901284327787
4 60500000 1.00475535081107
4 6.1e+07 0.998829959007603
4 61500000 1.00422308200719
4 6.2e+07 1.00592031024557
4 62500000 1.01758618521319
4 6.3e+07 1.02783127194118
4 63500000 1.03970425642097
4 6.4e+07 1.06774073813232
4 64500000 1.0947887119394
4 6.5e+07 1.1215716862579
4 65500000 1.14885405729858
4 6.6e+07 1.18024360440177
4 66500000 1.2899886856288
4 6.7e+07 1.36231625407802
4 67500000 1.39489085216822
4 6.8e+07 1.4265269828893
5 0 4.24078024615941
5 5e+05 12.1441183208002
5 1e+06 11.5086310842939
5 1500000 10.7677738276648
5 2e+06 9.97861880483795
5 2500000 9.63362597392485
5 3e+06 9.47706265879543
5 3500000 8.70927759485529
5 4e+06 7.60567787007842
5 4500000 7.03179341129363
5 5e+06 6.86595188803366
5 5500000 6.51390841725583
5 6e+06 6.1578910557008
5 6500000 5.78202816140088
5 7e+06 5.52998902471843
5 7500000 5.18247034373001
5 8e+06 4.85384601150907
5 8500000 4.61388985719494
5 9e+06 4.36586323552769
5 9500000 4.14865598375912
5 1e+07 4.02051325147145
5 10500000 3.77810494929032
5 1.1e+07 3.61680256307216
5 11500000 3.48796181187724
5 1.2e+07 3.37736249563069
5 12500000 3.2408274736736
5 1.3e+07 3.12961195902948
5 13500000 3.02141165198947
5 1.4e+07 2.91978498599948
5 14500000 2.81524857171749
5 1.5e+07 2.73013996953654
5 15500000 2.63669182346134
5 1.6e+07 2.56074093554283
5 16500000 2.49258659917983
5 1.7e+07 2.42085971672096
5 17500000 2.35753279656289
5 1.8e+07 2.29753908694499
5 18500000 2.2541800515649
5 1.9e+07 2.21561367762875
5 19500000 2.17082645065385
5 2e+07 2.1239381615011
5 20500000 2.08140952005024
5 2.1e+07 2.04129713486272
5 21500000 1.99919968072297
5 2.2e+07 1.96521632742157
5 22500000 1.93222980783673
5 2.3e+07 1.89661049426731
5 23500000 1.85530743934445
5 2.4e+07 1.81337085366906
5 24500000 1.77756516354317
5 2.5e+07 1.74893010183603
5 25500000 1.71683007461391
5 2.6e+07 1.69368815514081
5 26500000 1.66162819349778
5 2.7e+07 1.6369556694576
5 27500000 1.61852958061907
5 2.8e+07 1.59570116527103
5 28500000 1.56870593021064
5 2.9e+07 1.54794990344642
5 29500000 1.53167742546027
5 3e+07 1.51128266165478
5 30500000 1.48823986530622
5 3.1e+07 1.47479734469565
5 31500000 1.46308406243492
5 3.2e+07 1.44696613080201
5 32500000 1.43031239668834
5 3.3e+07 1.41784805846866
5 33500000 1.40334154560957
5 3.4e+07 1.38521484760772
5 34500000 1.36741150663818
5 3.5e+07 1.3530974477393
5 35500000 1.33434536818333
5 3.6e+07 1.322530613966
5 36500000 1.31116104720309
5 3.7e+07 1.2928368134483
5 37500000 1.27546536190864
5 3.8e+07 1.26186342634843
5 38500000 1.24940497835647
5 3.9e+07 1.2412431359681
5 39500000 1.2273435084109
5 4e+07 1.21233524254942
5 40500000 1.19692519716793
5 4.1e+07 1.18705968320145
5 41500000 1.1781211335167
5 4.2e+07 1.16492560859353
5 42500000 1.15208901974481
5 4.3e+07 1.14175021573674
5 43500000 1.13112669937027
5 4.4e+07 1.12651515026126
5 44500000 1.12511614709656
5 4.5e+07 1.12347147346317
5 45500000 1.11574573464041
5 4.6e+07 1.10369258507315
5 46500000 1.09298844679985
5 4.7e+07 1.0837633043072
5 47500000 1.07511489012565
5 4.8e+07 1.07525661719873
5 48500000 1.06811002520015
5 4.9e+07 1.06074740389941
5 49500000 1.05858535769203
5 5e+07 1.05107465091317
5 50500000 1.05026147088488
5 5.1e+07 1.04411655754909
5 51500000 1.03829885456061
5 5.2e+07 1.03192763782457
5 52500000 1.03038304480077
5 5.3e+07 1.04158703141431
5 53500000 1.05103304467423
5 5.4e+07 1.05246471088432
5 54500000 1.06883488914268
5 5.5e+07 1.08359466638505
5 55500000 1.0871515430964
5 5.6e+07 1.10893133373552
5 56500000 1.13083774835424
5 5.7e+07 1.19006553231824
5 57500000 1.22665407278585
5 5.8e+07 1.26467261310594
5 58500000 1.32371740978433
5 5.9e+07 1.36535574937182
5 59500000 1.44359321577053
5 6e+07 1.53550736843907
5 60500000 1.54474857668409
5 6.1e+07 1.55416650449669
5 61500000 1.56439270902569
5 6.2e+07 1.56754552220392
6 0 1.29035690749459
6 5e+05 1.20638212650104
6 1e+06 2.13002250601555
6 1500000 4.16994286622012
6 2e+06 5.22474951895976
6 2500000 6.21412621545158
6 3e+06 6.4085544710255
6 3500000 6.02212715068339
6 4e+06 5.72569414848555
6 4500000 5.25988968257301
6 5e+06 4.79712108906871
6 5500000 4.46371373764075
6 6e+06 4.11966164927689
6 6500000 3.838986854269
6 7e+06 3.54223067551492
6 7500000 3.32279121203988
6 8e+06 3.0671520817258
6 8500000 2.92475150865254
6 9e+06 2.74161006594732
6 9500000 2.60207945977981
6 1e+07 2.51677308414228
6 10500000 2.408909468171
6 1.1e+07 2.33058323407439
6 11500000 2.22711853988038
6 1.2e+07 2.14570205417596
6 12500000 2.08561215058487
6 1.3e+07 2.02796480973885
6 13500000 1.97682334358399
6 1.4e+07 1.91965625725545
6 14500000 1.86593457474578
6 1.5e+07 1.82114154923803
6 15500000 1.75776982776941
6 1.6e+07 1.71518698106474
6 16500000 1.66467689934496
6 1.7e+07 1.56684837131591
6 17500000 1.41823771219977
6 1.8e+07 1.38201600332884
6 18500000 1.35895481153211
6 1.9e+07 1.34505470850416
6 19500000 1.331511474595
6 2e+07 1.36026663738772
6 20500000 1.36637976645473
6 2.1e+07 1.342728185008
6 21500000 1.31767189859591
6 2.2e+07 1.29584032940987
6 22500000 1.27838396909405
6 2.3e+07 1.30605250836725
6 23500000 1.31221519709761
6 2.4e+07 1.30743617626078
6 24500000 1.313874431402
6 2.5e+07 1.31897296960953
6 25500000 1.31831773864813
6 2.6e+07 1.33318185038005
6 26500000 1.36542228990926
6 2.7e+07 1.40123518796751
6 27500000 1.42385939334297
6 2.8e+07 1.44924147059169
6 28500000 1.489880598762
6 2.9e+07 1.56507405907301
6 29500000 1.62649704894466
6 3e+07 1.68802712447582
6 30500000 1.72272763356701
6 3.1e+07 1.81349797878814
6 31500000 1.97070718451135
6 3.2e+07 2.1375712003827
6 32500000 2.32727376527956
6 3.3e+07 2.37245920846564
6 33500000 2.37996275592375
7 0 2.52666212495974
7 5e+05 2.44632460296508
7 1e+06 2.40277824722889
7 1500000 3.17116454987499
7 2e+06 3.71919759965553
7 2500000 3.46561836538503
7 3e+06 3.16386246609373
7 3500000 2.99557908209068
7 4e+06 3.20471062362117
7 4500000 3.59987116536049
7 5e+06 3.55522459120648
7 5500000 3.72580515788627
7 6e+06 3.90970883367366
7 6500000 3.72347328620143
7 7e+06 3.45552857863631
7 7500000 3.31416107826062
7 8e+06 3.15065845440549
7 8500000 2.9782139242986
7 9e+06 2.84992439572202
7 9500000 2.73549525546118
7 1e+07 2.63479156057456
7 10500000 2.5015626909181
7 1.1e+07 2.39423946855294
7 11500000 2.29887641076336
7 1.2e+07 2.2107575001134
7 12500000 2.11794995228913
7 1.3e+07 2.05900472287976
7 13500000 1.99177518733617
7 1.4e+07 1.95598081783682
7 14500000 1.89715556268961
7 1.5e+07 1.8552554419345
7 15500000 1.81447289712861
7 1.6e+07 1.76323079131305
7 16500000 1.73609199917799
7 1.7e+07 1.6873892920552
7 17500000 1.6440810166369
7 1.8e+07 1.59805512051092
7 18500000 1.55292538675081
7 1.9e+07 1.51252364516771
7 19500000 1.48331050411634
7 2e+07 1.45283228849599
7 20500000 1.41760902437123
7 2.1e+07 1.39210145074588
7 21500000 1.37657485077131
7 2.2e+07 1.35045543914212
7 22500000 1.32537795237216
7 2.3e+07 1.30507024921137
7 23500000 1.28110142231411
7 2.4e+07 1.2762474350258
7 24500000 1.25190995325967
7 2.5e+07 1.23584359056908
7 25500000 1.22912466186716
7 2.6e+07 1.21747229248408
7 26500000 1.20099827459486
7 2.7e+07 1.19172295641891
7 27500000 1.17290017449855
7 2.8e+07 1.16315020445746
7 28500000 1.16876700298255
7 2.9e+07 1.172731735554
7 29500000 1.18027414120712
7 3e+07 1.18914911445623
7 30500000 1.2370586136015
7 3.1e+07 1.29363224961917
7 31500000 1.29273188235939
7 3.2e+07 1.28209653842807
7 32500000 1.30640513724262
7 3.3e+07 1.38183219636617
7 33500000 1.46238223480651
7 3.4e+07 1.53483377762849
7 34500000 1.59118161807629
7 3.5e+07 1.69391779304601
7 35500000 1.74060768170799
7 3.6e+07 1.80425119553329
7 36500000 1.86748294388981
7 3.7e+07 1.93597104782102
7 37500000 1.93983896302317
8 0 1.1248982335749
8 5e+05 1.12489823354016
8 1e+06 1.12489823353784
8 1500000 1.12489823354251
8 2e+06 1.12489823354193
8 2500000 1.12489823354187
8 3e+06 1.1248982335412
8 3500000 1.12489823354106
8 4e+06 1.1309963552947
8 4500000 1.16862715300505
8 5e+06 1.26806774839159
8 5500000 1.33418337357675
8 6e+06 1.259882278353
8 6500000 1.16342548055945
8 7e+06 1.06344690188668
8 7500000 1.00166906923648
8 8e+06 0.941605307272314
8 8500000 0.888895992131681
8 9e+06 0.83686574434256
8 9500000 0.78876781164588
8 1e+07 0.757172157919896
8 10500000 0.733921604377502
8 1.1e+07 0.710789929402313
8 11500000 0.691335171028641
8 1.2e+07 0.674590997732344
8 12500000 0.656224746075412
8 1.3e+07 0.641028490030718
8 13500000 0.628331986099033
8 1.4e+07 0.615152458315432
8 14500000 0.620934996926447
8 1.5e+07 0.669641751668603
8 15500000 0.677199732144575
8 1.6e+07 0.719831860045142
8 16500000 0.715066969074632
8 1.7e+07 0.717403588193408
8 17500000 0.719405459062659
8 1.8e+07 0.719182699573704
8 18500000 0.713239593726171
8 1.9e+07 0.735645875099286
8 19500000 0.752573252387818
8 2e+07 0.737382051544297
8 20500000 0.719188337813272
8 2.1e+07 0.710808592583925
8 21500000 0.715289078033665
8 2.2e+07 0.717187230002277
8 22500000 0.723288489890067
8 2.3e+07 0.759707126831573
8 23500000 0.81821699159376
8 2.4e+07 0.865466842098261
8 24500000 0.976325975533602
8 2.5e+07 1.0137004710087
8 25500000 1.03148772230652
8 2.6e+07 1.03014026591152
8 26500000 1.04832785341792
8 2.7e+07 1.16385816047954
8 27500000 1.26234176912429
8 2.8e+07 1.39319178538936
8 28500000 1.41069040046538
8 2.9e+07 1.49329708655107
8 29500000 1.57451745550459
8 3e+07 1.64961646720378
8 30500000 1.72885119358021
8 3.1e+07 1.83714494760086
8 31500000 1.89826962712703
9 0 0.340367787211966
9 5e+05 0.456611146250757
9 1e+06 1.30718103618391
9 1500000 1.65528904768214
9 2e+06 2.15157694472247
9 2500000 2.12967839104726
9 3e+06 1.98642164426189
9 3500000 1.67672665175461
9 4e+06 1.55220754659792
9 4500000 1.34458650263604
9 5e+06 1.25367045478776
9 5500000 1.16281269288118
9 6e+06 1.07084705182977
9 6500000 1.06267742433369
9 7e+06 1.01298057773837
9 7500000 0.970823771859427
9 8e+06 0.995634255495161
9 8500000 1.05098227348762
9 9e+06 1.02351869266692
9 9500000 0.97922679138875
9 1e+07 0.937144991236901
9 10500000 0.891217568160352
9 1.1e+07 0.898959409758827
9 11500000 0.930681534145152
9 1.2e+07 0.938502513201914
9 12500000 0.920173566222636
9 1.3e+07 0.906981951887113
9 13500000 0.909335880027859
9 1.4e+07 0.908303490121786
9 14500000 0.943110638231328
9 1.5e+07 0.952955766232082
9 15500000 0.957230011790586
9 1.6e+07 0.984466628670527
9 16500000 0.961962275929778
9 1.7e+07 0.94310209352894
9 17500000 0.956915163639592
9 1.8e+07 0.991426816850806
9 18500000 0.991475902225075
9 1.9e+07 1.04209362727892
9 19500000 1.13338312720564
9 2e+07 1.21270676480589
9 20500000 1.27679515607577
9 2.1e+07 1.33267468905193
9 21500000 1.38905983081695
9 2.2e+07 1.54869593856356
9 22500000 1.68082934122066
9 2.3e+07 1.88741502296046
9 23500000 2.11037327335052
9 2.4e+07 2.21576016978854
9 24500000 2.21127126531949
9 2.5e+07 2.17704055275859
10 0 3.07359568719698
10 5e+05 3.6966867714621
10 1e+06 2.8918775069588
10 1500000 3.35163279207396
10 2e+06 4.16112946875407
10 2500000 4.08089109983127
10 3e+06 3.78281544234729
10 3500000 3.35489629900419
10 4e+06 3.21417304893533
10 4500000 2.98881606081651
10 5e+06 2.7243516978446
10 5500000 2.59939422824156
10 6e+06 2.46773560180937
10 6500000 2.28398559956611
10 7e+06 2.12452928330777
10 7500000 2.02420268223295
10 8e+06 1.93800332796611
10 8500000 1.90401809451193
10 9e+06 1.83725576747965
10 9500000 1.73601003184118
10 1e+07 1.64870750122646
10 10500000 1.62071912632635
10 1.1e+07 1.60503955280828
10 11500000 1.6764002623785
10 1.2e+07 1.68589200712858
10 12500000 1.74067427951178
10 1.3e+07 1.82723536691585
10 13500000 1.87750963571047
10 1.4e+07 1.96633724555803
10 14500000 2.08982804265226
10 1.5e+07 2.19355683172604
10 15500000 2.34141329571049
10 1.6e+07 2.481131734741
10 16500000 2.54161778286452
10 1.7e+07 2.52021890691371
10 17500000 2.48763929941427
10 1.8e+07 2.4640403560413
10 18500000 2.43209646751717
10 1.9e+07 2.4998856292662
10 19500000 2.60154241082256
10 2e+07 2.56065390319453
11 0 1.52675350954594
11 5e+05 0.846454593989916
11 1e+06 1.4348847120725
11 1500000 2.16438160308215
11 2e+06 3.45580152553734
11 2500000 5.08635184439101
11 3e+06 5.94492039198802
11 3500000 6.41389468371908
11 4e+06 7.56903723076369
11 4500000 7.40193640542709
11 5e+06 6.97956563017354
11 5500000 6.86375778975429
11 6e+06 6.61935133382821
11 6500000 6.52751258654703
11 7e+06 6.21886536313802
11 7500000 5.84484041130177
11 8e+06 5.52062204662594
11 8500000 5.25502537561682
11 9e+06 4.99925697792561
11 9500000 4.77761021911487
11 1e+07 4.57141682306746
11 10500000 4.45497220762732
11 1.1e+07 4.25344231752648
11 11500000 4.10466097616237
11 1.2e+07 3.9792359287667
11 12500000 3.84731750723524
11 1.3e+07 3.71491995769437
11 13500000 3.58625528852964
11 1.4e+07 3.48263342932308
11 14500000 3.36186191118697
11 1.5e+07 3.25854190884336
11 15500000 3.16224958622494
11 1.6e+07 3.06264232281054
11 16500000 2.97861681339648
11 1.7e+07 2.88104484338792
11 17500000 2.80396947844704
11 1.8e+07 2.74160782369502
11 18500000 2.68836759652037
11 1.9e+07 2.67269046315672
11 19500000 2.83344185884355
11 2e+07 3.00298357702884
11 20500000 3.11015581297554
12 0 9.753819179947
12 5e+05 6.64428678938256
12 1e+06 4.57180156829207
12 1500000 5.17899800331756
12 2e+06 5.39988156904258
12 2500000 5.43238292381666
12 3e+06 5.17868125081961
12 3500000 4.57247618651691
12 4e+06 4.13743989952826
12 4500000 3.83701406570785
12 5e+06 3.43512926118008
12 5500000 3.13709672408238
12 6e+06 2.90130512398904
12 6500000 2.64692929794265
12 7e+06 2.5441578209308
12 7500000 2.45213912911709
12 8e+06 2.37160657212941
12 8500000 2.24001322855607
12 9e+06 2.14336031400157
12 9500000 2.10717680444637
12 1e+07 2.0221645790405
12 10500000 1.99087600611739
12 1.1e+07 1.95369060341429
12 11500000 1.91115870802639
12 1.2e+07 1.88368630085687
12 12500000 1.8757260272852
12 1.3e+07 1.86214710804377
12 13500000 1.90503818362634
12 1.4e+07 1.90961579676387
12 14500000 1.88688390323175
12 1.5e+07 1.91838435692216
12 15500000 1.92392110903163
12 1.6e+07 2.019251970887
12 16500000 2.09702582460589
12 1.7e+07 2.11960826460343
12 17500000 2.20685600922188
12 1.8e+07 2.34516827611277
12 18500000 2.51633157906824
12 1.9e+07 2.57321490538989
12 19500000 2.63793131590267
12 2e+07 2.63311410569197
12 20500000 2.60192639197153
13 0 1.53668497055169
13 5e+05 1.51691026635784
13 1e+06 1.84475078752056
13 1500000 2.21012823488785
13 2e+06 2.69728897466504
13 2500000 2.99068200676008
13 3e+06 3.58098736710373
13 3500000 3.29863689810325
13 4e+06 3.19177202591142
13 4500000 3.00003344594752
13 5e+06 2.87050239259485
13 5500000 2.84314983769595
13 6e+06 3.03432650897154
13 6500000 2.99815477158852
13 7e+06 2.89329076946956
13 7500000 2.8009319702805
13 8e+06 2.73046931365546
13 8500000 2.64338200602836
13 9e+06 2.68414682187906
13 9500000 2.64292028399675
13 1e+07 2.57354365649308
13 10500000 2.49520167845715
13 1.1e+07 2.45961245955997
13 11500000 2.45012564030701
13 1.2e+07 2.51643502825666
13 12500000 2.49544131827271
13 1.3e+07 2.4705505305235
13 13500000 2.42408371879957
13 1.4e+07 2.3512340127802
13 14500000 2.30244997628108
13 1.5e+07 2.36856104099342
13 15500000 2.39488863217226
13 1.6e+07 2.31161092797134
13 16500000 2.26570333630914
14 0 2.94340117956365
14 5e+05 2.59529309729812
14 1e+06 2.80459852265958
14 1500000 2.66638532035342
14 2e+06 2.45063028735381
14 2500000 2.20356480253324
14 3e+06 2.08728082221771
14 3500000 2.10709660585228
14 4e+06 2.41013165190903
14 4500000 2.6578838058108
14 5e+06 2.75097799066818
14 5500000 2.53719537049487
14 6e+06 2.35828454316963
14 6500000 2.18948385028357
14 7e+06 2.04525757754169
14 7500000 1.95899159183664
14 8e+06 1.86685628827136
14 8500000 1.8446125708944
14 9e+06 1.80127438945447
14 9500000 1.73695285696782
14 1e+07 1.74334426070341
14 10500000 1.84864558409154
14 1.1e+07 1.9958054868508
14 11500000 2.07956714623733
14 1.2e+07 2.14130471583985
14 12500000 2.1954472471062
14 1.3e+07 2.34332554090488
14 13500000 2.41106094269483
14 1.4e+07 2.46927990972044
14 14500000 2.68294522363641
14 1.5e+07 3.01979702787853
14 15500000 3.12176710770676
14 1.6e+07 3.12256579967396
15 0 1.01310471947103
15 5e+05 1.25098917340339
15 1e+06 3.09669116947053
15 1500000 3.99676335640109
15 2e+06 5.1243004666777
15 2500000 4.55594661364811
15 3e+06 3.98576861706378
15 3500000 4.13477012687539
15 4e+06 4.57388193954883
15 4500000 4.83627378226881
15 5e+06 5.16483121445306
15 5500000 5.15878276912208
15 6e+06 5.24433696769586
15 6500000 5.22835275604309
15 7e+06 5.02134542638784
15 7500000 4.71334579508257
15 8e+06 4.51268805837137
15 8500000 4.27231904359741
15 9e+06 4.02037376291491
15 9500000 3.87873512631018
15 1e+07 3.86231960591547
15 10500000 3.69888496227649
15 1.1e+07 3.55595215740729
15 11500000 3.42403918908006
15 1.2e+07 3.34792513220793
15 12500000 3.34851002559325
15 1.3e+07 3.50476288121053
15 13500000 3.59475170192854
15 1.4e+07 3.62654290093841
17 0 1.93489167735071
17 5e+05 1.93488586841224
17 1e+06 1.91382155197146
17 1500000 1.5121904307608
17 2e+06 1.43633194628062
17 2500000 1.97542372692757
17 3e+06 2.70814090927485
17 3500000 3.29614692715515
17 4e+06 3.42821789241651
17 4500000 3.38832824199386
17 5e+06 3.26418948230445
17 5500000 3.10544221312004
17 6e+06 2.92100323653406
17 6500000 3.02979975244187
17 7e+06 3.43405947193475
17 7500000 3.76483675435035
17 8e+06 3.86650519193563
17 8500000 4.20951636712747
17 9e+06 4.54088996921256
17 9500000 4.56537751495266
17 1e+07 4.5015086594702
17 10500000 4.44624995696288
18 0 0.042778450911552
18 5e+05 0.797597575159351
18 1e+06 1.35160683544141
18 1500000 4.65252812977699
18 2e+06 6.88767254381308
18 2500000 6.8677079233544
18 3e+06 6.96120565427147
18 3500000 6.38215342147068
18 4e+06 5.67720560795646
18 4500000 5.25231672151029
18 5e+06 5.20769937145923
18 5500000 5.1383071755587
18 6e+06 5.09428282182751
18 6500000 4.97400842525125
18 7e+06 4.7359521978403
18 7500000 4.50563407017306
18 8e+06 4.52298339872204
18 8500000 4.46688540579729
18 9e+06 4.4741661094517
18 9500000 4.55423542786594
18 1e+07 4.47766607202255
18 10500000 4.51874981760441
18 1.1e+07 4.43372131209347
18 11500000 4.38515966285673
19 0 1.2153414372182
19 5e+05 1.80787260073641
19 1e+06 4.40553194905688
19 1500000 7.31097013655343
19 2e+06 7.4690033931702
19 2500000 6.28682475449635
19 3e+06 5.76995485733848
19 3500000 5.39257161351642
19 4e+06 5.48772593197979
19 4500000 5.79751935993758
19 5e+06 5.75000679840194
19 5500000 5.88630317355949
19 6e+06 5.73391711168635
19 6500000 5.5647324849453
19 7e+06 5.51739219178527
19 7500000 5.39559568437317
19 8e+06 5.30353260486993
19 8500000 5.36587914483269
19 9e+06 5.29858066923616
19 9500000 5.21127728675002
19 1e+07 5.21480149545415
20 0 3.34086708871296
20 5e+05 1.85926666713488
20 1e+06 1.95116859629135
20 1500000 2.26060048535153
20 2e+06 2.34913976118589
20 2500000 2.84683187728879
20 3e+06 3.0804136448924
20 3500000 3.11777187280489
20 4e+06 3.17275218013999
20 4500000 3.19852232903398
20 5e+06 3.13302926866424
20 5500000 3.17187336975368
20 6e+06 3.10059111102459
20 6500000 3.06274171850909
20 7e+06 2.88178386510944
20 7500000 2.82071453075659
20 8e+06 2.81815312915054
20 8500000 2.81869111304576
20 9e+06 2.94119214403512
20 9500000 3.0319300373262
20 1e+07 3.02734284123872
20 10500000 3.0271896176393
20 1.1e+07 2.99310792981617
20 11500000 2.93208065670223
20 1.2e+07 3.05913101375672
20 12500000 3.32639992305408
20 1.3e+07 3.53173557928175
20 13500000 3.54766654910373
20 1.4e+07 3.52561972301362
20 14500000 3.42900072677801
21 0 1.45878920505801
21 5e+05 1.39429624196261
21 1e+06 2.53830370266635
21 1500000 3.61067939235469
21 2e+06 5.46801608860778
21 2500000 6.29297647603077
21 3e+06 6.26601438426848
21 3500000 6.18966127727149
21 4e+06 5.8281516888971
21 4500000 6.19252844693557
21 5e+06 6.81856193630322
21 5500000 6.743024302683
21 6e+06 6.87905117296664
21 6500000 6.77054256260956
21 7e+06 6.67072390705405
21 7500000 6.41953231769535
22 0 1.5934976674619
22 5e+05 2.80889835777278
22 1e+06 8.8943715867239
22 1500000 13.018870290319
22 2e+06 15.8491608118761
22 2500000 17.0894703082423
22 3e+06 17.0470159387827
22 3500000 15.8006516976201
22 4e+06 14.4246762233841
22 4500000 13.6676424176829
23 0 27.2907666030621
23 5e+05 27.290766603031
23 1e+06 26.8331283408182
23 1500000 25.3463075411326
23 2e+06 22.1183179478435
23 2500000 18.8585222769905
23 3e+06 16.9717880315427
23 3500000 13.5459732651007
23 4e+06 12.181269926082
23 4500000 11.1397982855856
23 5e+06 10.6968978971804
23 5500000 11.1647888091289
23 6e+06 11.1618977382481
23 6500000 10.8682158050825
24 0 6.15806474093338
24 5e+05 4.87000393674407
24 1e+06 4.5126222030075
24 1500000 4.79744196249299
24 2e+06 4.28065574837381
24 2500000 3.7149739603274
24 3e+06 3.6680582978179
24 3500000 3.98030894197383
24 4e+06 4.0291333699199
24 4500000 4.90514409873496
24 5e+06 5.57716732206847
24 5500000 6.18442300430894
24 6e+06 7.30844199702996
24 6500000 7.58297135665774
24 7e+06 7.53375139563618
26 0 1.6906498071619
26 5e+05 2.37686661298156
26 1e+06 3.58033323596139
26 1500000 4.74734457604417
26 2e+06 6.74267129617694
26 2500000 7.14924436674539
26 3e+06 6.7929006004846
26 3500000 7.09895394909392
26 4e+06 7.93919954727799
26 4500000 8.47842775749481
26 5e+06 8.93671188852286
26 5500000 9.29806382653769
26 6e+06 9.04794908741575
26 6500000 8.86856110063258
27 0 172.460754182234
27 5e+05 169.724704449214
27 1e+06 125.421100110301
27 1500000 88.5486877915016
27 2e+06 63.8699728111789
27 2500000 53.7412359266123
27 3e+06 45.3370433899847
27 3500000 39.6130752895899
27 4e+06 35.345415179987
27 4500000 33.1771002608825
28 0 1.89683369518901
28 5e+05 3.72396618035199
28 1e+06 5.32445464439967
28 1500000 5.09981036490749
28 2e+06 5.04178666445717
28 2500000 5.49073785927264
28 3e+06 5.54208294000699
28 3500000 8.72861159059526
28 4e+06 11.352624167897
28 4500000 10.5652566061419
28 5e+06 10.0508904289046
29 0 3.7986343508575
29 5e+05 3.79871056659016
29 1e+06 3.96066490317552
29 1500000 4.9930986620118
29 2e+06 6.03444132068246
29 2500000 6.21566905212341
29 3e+06 6.05538580618859
29 3500000 5.48920385435774
29 4e+06 5.13496024304706
29 4500000 4.96151088350464
29 5e+06 4.87675918256655
29 5500000 4.54609602979748
29 6e+06 4.2517778039502
29 6500000 4.02595458363239
29 7e+06 3.79961174328491
29 7500000 3.65782109214709
29 8e+06 3.48563964585801
29 8500000 3.3588140055277
29 9e+06 3.21708105950166
29 9500000 3.12775469001806
29 1e+07 3.04820914878461
29 10500000 2.96094192337717
29 1.1e+07 2.8351976337282
29 11500000 2.73154166833609
29 1.2e+07 2.62713521149744
29 12500000 2.53419733428596
29 1.3e+07 2.43895372118815
29 13500000 2.34389160940656
29 1.4e+07 2.272644673562
29 14500000 2.21474524483192
29 1.5e+07 2.14240851132906
29 15500000 2.07814671602577
29 1.6e+07 2.01752042522419
29 16500000 1.9633457206016
29 1.7e+07 1.91683022250643
29 17500000 1.86701392695917
29 1.8e+07 1.82454133501252
29 18500000 1.7887433044632
29 1.9e+07 1.75681644119723
29 19500000 1.72167542374077
29 2e+07 1.73346946194142
29 20500000 1.71203796318318
29 2.1e+07 1.67177700738562
29 21500000 1.63585608848756
29 2.2e+07 1.59792440140282
29 22500000 1.56466155223516
29 2.3e+07 1.53174493328862
29 23500000 1.49884748723772
29 2.4e+07 1.46746625072252
29 24500000 1.43682308878225
29 2.5e+07 1.41065889122742
29 25500000 1.38321788802656
29 2.6e+07 1.36997453636625
29 26500000 1.36301005513421
29 2.7e+07 1.3405507699766
29 27500000 1.32962679370553
29 2.8e+07 1.31068296323147
29 28500000 1.2980795709561
29 2.9e+07 1.27712125737703
29 29500000 1.27126137438068
29 3e+07 1.25598659633329
29 30500000 1.23570152554595
29 3.1e+07 1.21454242575334
29 31500000 1.19577338518049
29 3.2e+07 1.17962083275833
29 32500000 1.1688421226872
29 3.3e+07 1.15338676386223
29 33500000 1.13862867568009
29 3.4e+07 1.12364382393072
29 34500000 1.11356112909303
29 3.5e+07 1.1037370877748
29 35500000 1.0918070816003
29 3.6e+07 1.08458348045981
29 36500000 1.07660265520275
29 3.7e+07 1.06647497206354
29 37500000 1.05290509772859
29 3.8e+07 1.04112750072578
29 38500000 1.02798246412728
29 3.9e+07 1.02372949780895
29 39500000 1.02126572223531
29 4e+07 1.01844378139102
29 40500000 1.01100902844836
29 4.1e+07 1.00802733387023
29 41500000 1.00304455864265
29 4.2e+07 1.00098619866613
29 42500000 0.996928873443718
29 4.3e+07 0.987838047724328
29 43500000 0.976884464021082
29 4.4e+07 0.972478526091447
29 44500000 0.963561149396955
29 4.5e+07 0.953002879251115
29 45500000 0.94341275232279
29 4.6e+07 0.941441848878827
29 46500000 0.932070360972621
29 4.7e+07 0.922841906793225
29 47500000 0.913812817251926
29 4.8e+07 0.906681640532556
29 48500000 0.903024441872041
29 4.9e+07 0.899466491154838
29 49500000 0.894095790582007
29 5e+07 0.885888536666324
29 50500000 0.881608228579159
29 5.1e+07 0.884690945400009
29 51500000 0.877493177908189
29 5.2e+07 0.873889869652933
29 52500000 0.870446588069822
29 5.3e+07 0.865320823246736
29 53500000 0.863769971728045
29 5.4e+07 0.856400995168463
29 54500000 0.854633814648999
29 5.5e+07 0.856163246964766
29 55500000 0.853455581626895
29 5.6e+07 0.850457555686542
29 56500000 0.844879615382982
29 5.7e+07 0.840139085740959
29 57500000 0.83294201430106
29 5.8e+07 0.826125272231188
29 58500000 0.818820528564971
29 5.9e+07 0.81343257367674
29 59500000 0.804864406350578
29 6e+07 0.798554837635375
29 60500000 0.791151598559156
29 6.1e+07 0.787500071483877
29 61500000 0.80381580202936
29 6.2e+07 0.825788252845295
29 62500000 0.845897061282953
29 6.3e+07 0.898450986839082
29 63500000 0.916640243733572
29 6.4e+07 0.904880825089174
29 64500000 0.900974400870538
29 6.5e+07 0.91157839526011
29 65500000 0.965410618246643
29 6.6e+07 1.03548094559011
29 66500000 1.1105696660455
29 6.7e+07 1.18440496698407
29 67500000 1.26047547823918
29 6.8e+07 1.30681537593907
29 68500000 1.33919499431941
29 6.9e+07 1.35720001514993
29 69500000 1.36957627324163
29 7e+07 1.36634408767879
29 70500000 1.36485364734424
29 7.1e+07 1.36363938401964
30 0 1.63865498478448
30 5e+05 1.81949847802135
30 1e+06 3.36680158869401
30 1500000 4.23891394319787
30 2e+06 5.50522953202108
30 2500000 5.66942545779171
30 3e+06 5.67689023127382
30 3500000 6.0108797954026
30 4e+06 6.04736836639643
30 4500000 5.80547530249246
30 5e+06 5.5042562959515
30 5500000 5.45657441578267
30 6e+06 5.37877216110419
30 6500000 5.20883772513445
30 7e+06 4.88654816087437
30 7500000 4.70822503191882
30 8e+06 4.54237424529148
30 8500000 4.4137071100989
30 9e+06 4.27047557244613
30 9500000 4.03014681592214
30 1e+07 3.84597304319772
30 10500000 3.68129812987608
30 1.1e+07 3.5336687281637
30 11500000 3.38289266383282
30 1.2e+07 3.26816408042476
30 12500000 3.15525817627355
30 1.3e+07 3.03154764857995
30 13500000 2.93354400473491
30 1.4e+07 2.8615022318323
30 14500000 2.79078813435165
30 1.5e+07 2.72237897772726
30 15500000 2.65072033078209
30 1.6e+07 2.58487564863383
30 16500000 2.59870924718058
30 1.7e+07 2.72512589524294
30 17500000 2.79884048016522
30 1.8e+07 2.84189497708827
30 18500000 2.88807820611593
30 1.9e+07 3.01843333759777
30 19500000 3.04305066355076
30 2e+07 3.01784008752948
