chrom pos500 Mean_cM
1 1 2.35207150723288
1 500001 2.30255672125443
1 1000001 2.27186572860815
1 1500001 2.23253305792774
1 2000001 2.19648610600988
1 2500001 2.16031854036054
1 3000001 2.12474929877811
1 3500001 2.0871170435499
1 4000001 2.0540093033834
1 4500001 2.01932552203557
1 5000001 1.98155723349481
1 5500001 1.95078746865768
1 6000001 1.91468673048286
1 6500001 1.8820643824637
1 7000001 1.84971070048056
1 7500001 1.81521509075564
1 8000001 1.78193804195391
1 8500001 1.74944976005303
1 9000001 1.71892892661916
1 9500001 1.68602280688844
1 10000001 1.65610716523882
1 10500001 1.62479519394079
1 11000001 1.59497332912438
1 11500001 1.56547146877716
1 12000001 1.53527672842721
1 12500001 1.50783702024455
1 13000001 1.47606924365268
1 13500001 1.44765721253684
1 14000001 1.41803002417508
1 14500001 1.38969887108273
1 15000001 1.36401344077947
1 15500001 1.33808791625533
1 16000001 1.30981748200785
1 16500001 1.28304752366246
1 17000001 1.25761080496903
1 17500001 1.23207318674883
1 18000001 1.20621597899282
1 18500001 1.18094494970725
1 19000001 1.15707525410623
1 19500001 1.13329126289941
1 20000001 1.1074373501601
1 20500001 1.08526306651284
1 21000001 1.06140320765563
1 21500001 1.03764994856013
1 22000001 1.01640506127788
1 22500001 0.994005146171839
1 23000001 0.970905252484851
1 23500001 0.950751024201409
1 24000001 0.929969462592402
1 24500001 0.90954101726931
1 25000001 0.887082987765392
1 25500001 0.867680387504701
1 26000001 0.847714086708417
1 26500001 0.827310208401844
1 27000001 0.809398070080384
1 27500001 0.790486632440586
1 28000001 0.771358473174323
1 28500001 0.75483779876692
1 29000001 0.737438610775129
1 29500001 0.719143124194813
1 30000001 0.70244760377622
1 30500001 0.686178626006408
1 31000001 0.669650220856323
1 31500001 0.654324216989833
1 32000001 0.638771173140497
1 32500001 0.624010586607762
1 33000001 0.608755175297008
1 33500001 0.5941295477128
1 34000001 0.580655695199152
1 34500001 0.567084894915889
1 35000001 0.553942880526933
1 35500001 0.540935966281601
1 36000001 0.528161036254562
1 36500001 0.515862206834833
1 37000001 0.503764324460378
1 37500001 0.492196802068527
1 38000001 0.481002355161076
1 38500001 0.469408337309308
1 39000001 0.460111489408965
1 39500001 0.449445328628146
1 40000001 0.440181594452404
1 40500001 0.429903952200318
1 41000001 0.421688747641178
1 41500001 0.412736222800185
1 42000001 0.40465102228444
1 42500001 0.396457304711536
1 43000001 0.388855896219928
1 43500001 0.381728187102658
1 44000001 0.374972404768863
1 44500001 0.367937775649696
1 45000001 0.361888916457974
1 45500001 0.356101649644734
1 46000001 0.350841078119104
1 46500001 0.345900647177848
1 47000001 0.341001879995008
1 47500001 0.336198385177678
1 48000001 0.33223002990641
1 48500001 0.328640945460944
1 49000001 0.32534586285778
1 49500001 0.322298858126789
1 50000001 0.319745728841493
1 50500001 0.317363201147324
1 51000001 0.315569535313859
1 51500001 0.31393551345642
1 52000001 0.312744606328926
1 52500001 0.311944851883569
1 53000001 0.311421780231851
1 53500001 0.311287101376184
1 54000001 0.311501185337503
1 54500001 0.312120115477399
1 55000001 0.313003635747647
1 55500001 0.314288612914779
1 56000001 0.315931913554857
1 56500001 0.31804712147483
1 57000001 0.320274867123344
1 57500001 0.323092618731487
1 58000001 0.326078787409952
1 58500001 0.329487830339098
1 59000001 0.333436416350787
1 59500001 0.337275497959848
1 60000001 0.342094734113121
1 60500001 0.346850226190003
1 61000001 0.351790282137139
1 61500001 0.357520828751429
1 62000001 0.363970631510523
1 62500001 0.369815181585534
1 63000001 0.376484926078992
1 63500001 0.383586717879495
1 64000001 0.390986520631648
1 64500001 0.398778536720477
1 65000001 0.406470019823945
1 65500001 0.415042742857978
1 66000001 0.423414757233308
1 66500001 0.432886610615236
1 67000001 0.442125127000062
1 67500001 0.45270773821374
1 68000001 0.462392585935558
1 68500001 0.473330612812422
1 69000001 0.484032048725319
1 69500001 0.495291733909286
1 70000001 0.506688866192756
1 70500001 0.518277707973084
1 71000001 0.531816253159304
1 71500001 0.542942064036061
1 72000001 0.556944119182374
1 72500001 0.570315025896079
1 73000001 0.584165379266633
1 73500001 0.598134862788522
1 74000001 0.61341127248112
1 74500001 0.627555604668244
1 75000001 0.642015082153707
1 75500001 0.658292551429425
1 76000001 0.673933765213234
1 76500001 0.690194185381636
1 77000001 0.707125092227243
1 77500001 0.724110790682343
1 78000001 0.741145334930875
1 78500001 0.759909317500879
1 79000001 0.776753028011448
1 79500001 0.795889138619555
1 80000001 0.813266441077785
1 80500001 0.832850704515694
1 81000001 0.852866718871805
1 81500001 0.872882803811908
1 82000001 0.893733954959238
1 82500001 0.913688893592816
1 83000001 0.934093408349997
1 83500001 0.955251556493737
1 84000001 0.975780222524811
1 84500001 0.999282483826219
1 85000001 1.02195011845152
1 85500001 1.04376784104604
1 86000001 1.06717971947563
1 86500001 1.0902143162854
1 87000001 1.11226949932313
1 87500001 1.1398512627362
1 88000001 1.16260306905579
1 88500001 1.18722471609408
1 89000001 1.21291461862149
1 89500001 1.23849115047792
1 90000001 1.26425114402318
1 90500001 1.28956229847896
1 91000001 1.31683805347934
1 91500001 1.34508506449063
1 92000001 1.37184330150125
1 92500001 1.39873087483011
1 93000001 1.42634943102696
1 93500001 1.45543741470956
1 94000001 1.48379884778317
1 94500001 1.51279652850499
1 95000001 1.54401730807238
1 95500001 1.57112201231125
1 96000001 1.60403929253078
1 96500001 1.63296802170248
1 97000001 1.66479437047008
1 97500001 1.69427279738251
1 98000001 1.72450278863443
1 98500001 1.75913949093103
1 99000001 1.79062869116322
1 99500001 1.82453155488829
1 100000001 1.85579641905066
1 100500001 1.89045681224319
1 101000001 1.9231862201707
1 101500001 1.95685057104985
1 102000001 1.99407657969696
1 102500001 2.02761603965742
1 103000001 2.06109354780062
1 103500001 2.09912277194357
1 104000001 2.13443115755264
1 104500001 2.17022334093234
1 105000001 2.2073282517879
1 105500001 2.24439826963776
1 106000001 2.28063693111589
1 106500001 2.31821303618042
1 107000001 2.35665985228149
1 107500001 2.39447359556153
1 108000001 2.43317875968593
1 108500001 2.47050058039601
1 109000001 2.51206558158342
1 109500001 2.55287837251233
1 110000001 2.59250079804753
1 110500001 2.6326824786458
1 111000001 2.67254043146821
1 111500001 2.71401311495846
1 112000001 2.75653961353875
1 112500001 2.79471984304816
1 113000001 2.84081356427197
1 113500001 2.87528709542733
1 114000001 2.90604815211
10 1 2.77048766550826
10 500001 2.55780363237117
10 1000001 2.36065368673471
10 1500001 2.18404955835333
10 2000001 2.00537098609573
10 2500001 1.87000881002219
10 3000001 1.73914490810853
10 3500001 1.62024854568589
10 4000001 1.52741529498659
10 4500001 1.44710559801194
10 5000001 1.3847834470605
10 5500001 1.33998662970727
10 6000001 1.3099125533919
10 6500001 1.29784821880424
10 7000001 1.30422420964751
10 7500001 1.32389922446081
10 8000001 1.36739621913587
10 8500001 1.42052749619
10 9000001 1.49578152967345
10 9500001 1.58501459421855
10 10000001 1.69455326324509
10 10500001 1.82119416310221
10 11000001 1.96352948230196
10 11500001 2.12964061384929
10 12000001 2.28613373602612
10 12500001 2.49891140565025
10 13000001 2.70280523569103
10 13500001 2.93968861136069
10 14000001 3.17138473472005
10 14500001 3.43136930148507
10 15000001 3.7255674522312
10 15500001 4.03501456706677
10 16000001 4.33457758125962
10 16500001 4.65817512730723
10 17000001 4.99661047326794
10 17500001 5.38223982578627
10 18000001 5.76636980185195
10 18500001 6.14846926039533
10 19000001 6.5642929174529
10 19500001 6.91303332715208
10 20000001 7.30954421099139
11 1 12.3004898448655
11 500001 11.5323531798714
11 1000001 10.6303325966956
11 1500001 9.68519009053877
11 2000001 8.96249810513275
11 2500001 8.1618031371693
11 3000001 7.45184235878708
11 3500001 6.73997500549193
11 4000001 6.07379973265731
11 4500001 5.43920924409993
11 5000001 4.84617529812075
11 5500001 4.27111995831332
11 6000001 3.78240873912521
11 6500001 3.30750523979321
11 7000001 2.78038841014928
11 7500001 2.36338000388623
11 8000001 2.0095441580465
11 8500001 1.61718103886051
11 9000001 1.29561421422392
11 9500001 1.01453136091409
11 10000001 0.767507236014718
11 10500001 0.550894288703657
11 11000001 0.35449050705682
11 11500001 0.214479114756143
11 12000001 0.0989393289621806
11 12500001 0.0182258307722796
11 13000001 0
11 13500001 0
11 14000001 0.000267469182765625
11 14500001 0.0382004775448601
11 15000001 0.141137077285169
11 15500001 0.256463804366962
11 16000001 0.426584104353875
11 16500001 0.614713702737041
11 17000001 0.864507320817136
11 17500001 1.098151730241
11 18000001 1.42445250112911
11 18500001 1.7483565255397
11 19000001 2.12737349836735
11 19500001 2.49990453426187
11 20000001 2.85169544598595
12 1 4.5122277745291
12 500001 4.07785721990392
12 1000001 3.6826804913836
12 1500001 3.28557177985598
12 2000001 2.91981795448097
12 2500001 2.57785372777013
12 3000001 2.2648747138308
12 3500001 1.9667164596046
12 4000001 1.72210275778386
12 4500001 1.46885763712383
12 5000001 1.29239846740569
12 5500001 1.12202336802541
12 6000001 0.968433797737738
12 6500001 0.853951703318246
12 7000001 0.765651779578549
12 7500001 0.702463893485867
12 8000001 0.669287093529932
12 8500001 0.661365772522905
12 9000001 0.68033169585872
12 9500001 0.730141047621554
12 10000001 0.807459061121739
12 10500001 0.909296413731957
12 11000001 1.01881237005441
12 11500001 1.22761190442062
12 12000001 1.40070218734227
12 12500001 1.6017054849725
12 13000001 1.83592740687082
12 13500001 2.11030641385721
12 14000001 2.41527773015277
12 14500001 2.74310412895934
12 15000001 3.10897504125193
12 15500001 3.47128713049017
12 16000001 3.87857728882835
12 16500001 4.33439289492505
12 17000001 4.79690232701638
12 17500001 5.28219687182681
12 18000001 5.78404500296446
12 18500001 6.33900580578197
12 19000001 6.90500230252646
12 19500001 7.53689306885256
12 20000001 8.05909246803662
13 1 4.17767665587557
13 500001 4.00016232753349
13 1000001 3.80003500406958
13 1500001 3.59966535532713
13 2000001 3.4279666228758
13 2500001 3.26298138769264
13 3000001 3.11926195147936
13 3500001 2.93608898512316
13 4000001 2.80646731509357
13 4500001 2.66664595962233
13 5000001 2.54926127958865
13 5500001 2.43268383711903
13 6000001 2.33898231741764
13 6500001 2.23438627830696
13 7000001 2.1506813190412
13 7500001 2.07245521777166
13 8000001 2.00668636685712
13 8500001 1.95325084565716
13 9000001 1.90510136898388
13 9500001 1.8676252037054
13 10000001 1.8410950961549
13 10500001 1.82234377138182
13 11000001 1.81393855856599
13 11500001 1.8151355214369
13 12000001 1.82547328325202
13 12500001 1.84630622927303
13 13000001 1.87546816314493
13 13500001 1.91387937314764
13 14000001 1.96369937660505
13 14500001 2.01632436027494
13 15000001 2.09381683051872
13 15500001 2.16994554184851
13 16000001 2.26287541695322
14 1 4.45409810588716
14 500001 3.93001401974962
14 1000001 3.42567463929074
14 1500001 2.97677833589015
14 2000001 2.58757394103648
14 2500001 2.23021040092588
14 3000001 1.93557711742247
14 3500001 1.66843377576287
14 4000001 1.46031456302668
14 4500001 1.29232177868046
14 5000001 1.17112402316014
14 5500001 1.1016342647415
14 6000001 1.07824727406886
14 6500001 1.10341517421349
14 7000001 1.181077118526
14 7500001 1.29077650890072
14 8000001 1.44994527707481
14 8500001 1.67740762185556
14 9000001 1.931378354607
14 9500001 2.23248931167584
14 10000001 2.59699474397378
14 10500001 2.97178321816328
14 11000001 3.4667239694486
14 11500001 3.93987053347342
14 12000001 4.47059264956526
14 12500001 5.0285890219523
14 13000001 5.71499195893578
14 13500001 6.43717686950121
14 14000001 7.09310289237887
14 14500001 7.8985041504635
14 15000001 8.69281935548138
14 15500001 9.60811944455436
14 16000001 10.185659073702
15 1 8.13195819868406
15 500001 7.68427780252116
15 1000001 7.24096362335465
15 1500001 6.83459265783275
15 2000001 6.40564323332739
15 2500001 6.00163242338926
15 3000001 5.62012266358812
15 3500001 5.24682126985784
15 4000001 4.87506793578603
15 4500001 4.51344207074
15 5000001 4.17790070124598
15 5500001 3.86402976203523
15 6000001 3.55407339220736
15 6500001 3.26403341940966
15 7000001 2.99142442697668
15 7500001 2.71286925842215
15 8000001 2.46071357871907
15 8500001 2.2456300201822
15 9000001 2.00410939233138
15 9500001 1.79167302099006
15 10000001 1.61601868762883
15 10500001 1.406458299185
15 11000001 1.24872307236918
15 11500001 1.10617613082602
15 12000001 0.943154593200592
15 12500001 0.819587692258599
15 13000001 0.705273028371177
15 13500001 0.625746039932485
17 1 4.93981612633619
17 500001 4.44081326903587
17 1000001 4.07418189632862
17 1500001 3.72502109977968
17 2000001 3.50479769949821
17 2500001 3.36432626670518
17 3000001 3.29080795696893
17 3500001 3.31311615061724
17 4000001 3.43233566910135
17 4500001 3.61956415783256
17 5000001 3.87352930816293
17 5500001 4.24667261000007
17 6000001 4.73871586391619
17 6500001 5.28550368199549
17 7000001 5.91388859468038
17 7500001 6.68924703718769
17 8000001 7.47664530798633
17 8500001 8.39048023970522
17 9000001 9.4121351399353
17 9500001 10.383379997954
17 10000001 11.3918462278415
18 1 9.51747034270172
18 500001 8.54398021761116
18 1000001 7.60432213720305
18 1500001 6.78488754126389
18 2000001 6.06289470265103
18 2500001 5.36087549228962
18 3000001 4.79667644970005
18 3500001 4.2638710401408
18 4000001 3.83649816707794
18 4500001 3.51125480230578
18 5000001 3.25587554636549
18 5500001 3.08378680983134
18 6000001 2.98194039648529
18 6500001 2.97031054685893
18 7000001 3.04573437397736
18 7500001 3.19442722786745
18 8000001 3.45147926469111
18 8500001 3.7560933027389
18 9000001 4.1632569122491
18 9500001 4.64777143648483
18 10000001 5.23048865283762
18 10500001 5.7866419399437
18 11000001 6.62144796304112
18 11500001 7.07830404364667
19 1 6.68561609629078
19 500001 6.50228816096157
19 1000001 6.34793676467636
19 1500001 6.18420802992189
19 2000001 6.02461888233359
19 2500001 5.87632174801101
19 3000001 5.71030677437916
19 3500001 5.56819323074855
19 4000001 5.42193000642865
19 4500001 5.27831295083973
19 5000001 5.12735060042187
19 5500001 4.99210110297441
19 6000001 4.85913740353364
19 6500001 4.74520586121054
19 7000001 4.61506642819673
19 7500001 4.49458052587459
19 8000001 4.38010592981987
19 8500001 4.26526655459746
19 9000001 4.15239969270078
19 9500001 4.06609550211839
1A 1 2.98717471357657
1A 500001 2.90022795693519
1A 1000001 2.77804356690427
1A 1500001 2.70139355691304
1A 2000001 2.60293964936794
1A 2500001 2.51542517445954
1A 3000001 2.42048641121453
1A 3500001 2.33215439434462
1A 4000001 2.24387013922006
1A 4500001 2.16429744870331
1A 5000001 2.08110756141168
1A 5500001 1.99891687189481
1A 6000001 1.90835482339114
1A 6500001 1.83505996411417
1A 7000001 1.75863717037154
1A 7500001 1.68481887035156
1A 8000001 1.6093535436485
1A 8500001 1.5388724325851
1A 9000001 1.46630051359707
1A 9500001 1.39988493344111
1A 10000001 1.32775375928615
1A 10500001 1.26439628084173
1A 11000001 1.19310023717875
1A 11500001 1.13146300885851
1A 12000001 1.07482373166918
1A 12500001 1.01502057482555
1A 13000001 0.953765970074134
1A 13500001 0.896878167944927
1A 14000001 0.840544377425465
1A 14500001 0.784376514663121
1A 15000001 0.733970704596884
1A 15500001 0.682643453459688
1A 16000001 0.635388692780083
1A 16500001 0.588148800388502
1A 17000001 0.543097929904616
1A 17500001 0.494702854437168
1A 18000001 0.458979089578037
1A 18500001 0.412215895096288
1A 19000001 0.37011911094441
1A 19500001 0.334967098159148
1A 20000001 0.297457453593137
1A 20500001 0.264476851321676
1A 21000001 0.229817310117502
1A 21500001 0.19652260842941
1A 22000001 0.166266710651493
1A 22500001 0.140183108981858
1A 23000001 0.110200154478536
1A 23500001 0.0859979157072941
1A 24000001 0.0630524179170435
1A 24500001 0.0385927302531317
1A 25000001 0.0169007535438459
1A 25500001 0.00139234917212303
1A 26000001 0
1A 26500001 0
1A 27000001 0
1A 27500001 0
1A 28000001 0
1A 28500001 0
1A 29000001 0
1A 29500001 0
1A 30000001 0
1A 30500001 0
1A 31000001 0
1A 31500001 0
1A 32000001 0
1A 32500001 0
1A 33000001 0
1A 33500001 0
1A 34000001 0
1A 34500001 0
1A 35000001 0
1A 35500001 0
1A 36000001 0
1A 36500001 0
1A 37000001 0
1A 37500001 0.00405707841923563
1A 38000001 0.0224657174182881
1A 38500001 0.0451227819403659
1A 39000001 0.0669383456868179
1A 39500001 0.0920965779781598
1A 40000001 0.117588124527989
1A 40500001 0.145434513904449
1A 41000001 0.176684196504932
1A 41500001 0.205137487852633
1A 42000001 0.237638523716089
1A 42500001 0.272889483513362
1A 43000001 0.306456936714678
1A 43500001 0.343827413404534
1A 44000001 0.385873764274596
1A 44500001 0.423267918984029
1A 45000001 0.46378779500817
1A 45500001 0.507551956956713
1A 46000001 0.552511149952509
1A 46500001 0.602956933006694
1A 47000001 0.646958713795511
1A 47500001 0.696181948462167
1A 48000001 0.745098184013446
1A 48500001 0.802233874061699
1A 49000001 0.859069030140753
1A 49500001 0.909882014896
1A 50000001 0.967458503430412
1A 50500001 1.02637116718714
1A 51000001 1.088454365154
1A 51500001 1.15095260080653
1A 52000001 1.21294947332229
1A 52500001 1.27720990916895
1A 53000001 1.34512976311728
1A 53500001 1.41443885863097
1A 54000001 1.48315092041762
1A 54500001 1.55843939970578
1A 55000001 1.62751718702854
1A 55500001 1.70192338582219
1A 56000001 1.77744006807894
1A 56500001 1.85893588549465
1A 57000001 1.9365717295448
1A 57500001 2.01717858183155
1A 58000001 2.1003366549729
1A 58500001 2.1807386918643
1A 59000001 2.26703820856651
1A 59500001 2.35704375188826
1A 60000001 2.45010776542553
1A 60500001 2.53013840963092
1A 61000001 2.62231650273928
1A 61500001 2.72101845843714
1A 62000001 2.8231141433406
1A 62500001 2.91582091607961
1A 63000001 3.00241606622901
1A 64000001 3.22472829415075
1A 64500001 3.34428120626916
1A 65000001 3.41948996953336
1A 65500001 3.52719088133005
1A 66000001 3.63271539428379
1A 66500001 3.7419510255019
1A 67000001 3.85074373943022
1A 67500001 3.96241864703425
1A 68000001 4.08186903103424
1A 68500001 4.18957394136969
1A 69000001 4.30281796621838
1A 69500001 4.40708042485045
1A 70000001 4.55051311031595
1A 70500001 4.6410759634724
1A 71000001 4.73870959589
2 1 1.52183523007144
2 500001 1.51193470606926
2 1000001 1.49804656259132
2 1500001 1.4895520799624
2 2000001 1.47886876186884
2 2500001 1.46798363090417
2 3000001 1.45769229764753
2 3500001 1.44686046976008
2 4000001 1.43699631708392
2 4500001 1.42608200556437
2 5000001 1.41610274006075
2 5500001 1.40536502561219
2 6000001 1.39555694213317
2 6500001 1.38537878263354
2 7000001 1.37554750339586
2 7500001 1.36467199145911
2 8000001 1.35551087287308
2 8500001 1.344625223407
2 9000001 1.33564648562987
2 9500001 1.32565873178561
2 10000001 1.31549117428214
2 10500001 1.30561810669128
2 11000001 1.29683484766756
2 11500001 1.28657712522752
2 12000001 1.27769816525219
2 12500001 1.26845020269169
2 13000001 1.25812124763215
2 13500001 1.24959144824251
2 14000001 1.24027226165299
2 14500001 1.2307065270254
2 15000001 1.22204016188324
2 15500001 1.21240444994092
2 16000001 1.20326375834653
2 16500001 1.19465370372805
2 17000001 1.18661953951625
2 17500001 1.17722215372199
2 18000001 1.16671773032057
2 18500001 1.15956599812199
2 19000001 1.15123421803095
2 19500001 1.14229461680028
2 20000001 1.13441349377824
2 20500001 1.12578194747341
2 21000001 1.11667703163353
2 21500001 1.10867074887059
2 22000001 1.10000483684895
2 22500001 1.09237246676425
2 23000001 1.08343296640347
2 23500001 1.07566178743739
2 24000001 1.06798118737996
2 24500001 1.0597923839868
2 25000001 1.051632048605
2 25500001 1.04380328590017
2 26000001 1.0360321086986
2 26500001 1.02782519431187
2 27000001 1.02048900090554
2 27500001 1.01306819646164
2 28000001 1.0055071324513
2 28500001 0.998057278698434
2 29000001 0.990474553318779
2 29500001 0.983061379464822
2 30000001 0.975903143013759
2 30500001 0.96828840505875
2 31000001 0.961395603952488
2 31500001 0.953924050044325
2 32000001 0.947073342100529
2 32500001 0.939772171913659
2 33000001 0.932607394145683
2 33500001 0.926158201450252
2 34000001 0.919212853431701
2 34500001 0.912590521833238
2 35000001 0.905648937586726
2 35500001 0.899180626215112
2 36000001 0.892042328280833
2 36500001 0.88573637835867
2 37000001 0.879291166138503
2 37500001 0.873177251954349
2 38000001 0.866604921145465
2 38500001 0.86003862319885
2 39000001 0.854211449697933
2 39500001 0.847692864851057
2 40000001 0.841634131292809
2 40500001 0.835446897996449
2 41000001 0.829800393299996
2 41500001 0.82350977484
2 42000001 0.817537081043233
2 42500001 0.811747012114931
2 43000001 0.806187704722607
2 43500001 0.80021680131773
2 44000001 0.794549097329052
2 44500001 0.789162518694313
2 45000001 0.783276707842614
2 45500001 0.778075169420348
2 46000001 0.772610992958702
2 46500001 0.767434820408783
2 47000001 0.762189841117994
2 47500001 0.756795919883692
2 48000001 0.751680299870867
2 48500001 0.746601196020604
2 49000001 0.741394149167688
2 49500001 0.736563862779474
2 50000001 0.731590635218387
2 50500001 0.72673155792129
2 51000001 0.721957780219181
2 51500001 0.717109924310564
2 52000001 0.712288363124733
2 52500001 0.707850714060945
2 53000001 0.703217439513125
2 53500001 0.698653345169414
2 54000001 0.694160581440164
2 54500001 0.690314883029544
2 55000001 0.685472677826822
2 55500001 0.681382342104481
2 56000001 0.677258130603509
2 56500001 0.672924443746364
2 57000001 0.668793785955878
2 57500001 0.664681251910691
2 58000001 0.660856068026793
2 58500001 0.656914918548161
2 59000001 0.653142295821
2 59500001 0.649289112771252
2 60000001 0.645586851409804
2 60500001 0.642028271937202
2 61000001 0.638262911744496
2 61500001 0.634738426938471
2 62000001 0.631015055489722
2 62500001 0.627766969319983
2 63000001 0.624564654676805
2 63500001 0.621286095205041
2 64000001 0.617861083175854
2 64500001 0.614703814800684
2 65000001 0.611657456801355
2 65500001 0.608311809377524
2 66000001 0.605380101267768
2 66500001 0.602682900544241
2 67000001 0.599665717945889
2 67500001 0.596756660201916
2 68000001 0.594138761519904
2 68500001 0.591198350270468
2 69000001 0.588618475163247
2 69500001 0.586025227435989
2 70000001 0.583464000026815
2 70500001 0.581243606278577
2 71000001 0.578691024040265
2 71500001 0.576286067557635
2 72000001 0.574043992273809
2 72500001 0.571750129186718
2 73000001 0.569636930484757
2 73500001 0.56761640822653
2 74000001 0.565437366902903
2 74500001 0.563755551500214
2 75000001 0.561741312557924
2 75500001 0.559588953626278
2 76000001 0.557898869773089
2 76500001 0.556101814903168
2 77000001 0.554485171986364
2 77500001 0.552875597505049
2 78000001 0.551261095413102
2 78500001 0.549710357810082
2 79000001 0.548388604892869
2 79500001 0.547214073602687
2 80000001 0.545647674301529
2 80500001 0.54434259422524
2 81000001 0.543272477951875
2 81500001 0.542027316523269
2 82000001 0.540769770506364
2 82500001 0.539729144371376
2 83000001 0.538871784404225
2 83500001 0.538009811268095
2 84000001 0.537153083909346
2 84500001 0.536358293509242
2 85000001 0.535638879362335
2 85500001 0.534917861894361
2 86000001 0.534330267916631
2 86500001 0.533761050506842
2 87000001 0.533298447133357
2 87500001 0.53287221005846
2 88000001 0.53251045668841
2 88500001 0.532188500876164
2 89000001 0.531949087008887
2 89500001 0.5317531271281
2 90000001 0.531629339243048
2 90500001 0.531562813612253
2 91000001 0.531553203558364
2 91500001 0.531608651712895
2 92000001 0.531718045405937
2 92500001 0.531882152672041
2 93000001 0.532130483240473
2 93500001 0.532427410318026
2 94000001 0.532752221453169
2 94500001 0.533192098284194
2 95000001 0.53365083951765
2 95500001 0.534196710776609
2 96000001 0.534781395320967
2 96500001 0.53542619190132
2 97000001 0.536128372198182
2 97500001 0.536892474063793
2 98000001 0.537729640842203
2 98500001 0.53860963855342
2 99000001 0.539609511588521
2 99500001 0.540600918663251
2 100000001 0.54167640948724
2 100500001 0.542880296096037
2 101000001 0.543957151515748
2 101500001 0.545220920395892
2 102000001 0.546539766696715
2 102500001 0.54793883579995
2 103000001 0.549409263472468
2 103500001 0.55094457721979
2 104000001 0.552360661800827
2 104500001 0.554016865782829
2 105000001 0.555621334821016
2 105500001 0.557466923762366
2 106000001 0.559202554381007
2 106500001 0.561117208122355
2 107000001 0.563015198614019
2 107500001 0.565067346377838
2 108000001 0.567022872771463
2 108500001 0.569054432343097
2 109000001 0.571253577871806
2 109500001 0.573353136134317
2 110000001 0.575776973926354
2 110500001 0.578056891990768
2 111000001 0.5804267830011
2 111500001 0.58285123069911
2 112000001 0.585495763209685
2 112500001 0.587952949878845
2 113000001 0.590601151455644
2 113500001 0.59327563238348
2 114000001 0.596151317720837
2 114500001 0.59888996186077
2 115000001 0.60191993705951
2 115500001 0.604706780026212
2 116000001 0.607792959803358
2 116500001 0.610652800575557
2 117000001 0.613937756250043
2 117500001 0.617143909545041
2 118000001 0.620286066081639
2 118500001 0.623589606998609
2 119000001 0.626793359676638
2 119500001 0.630465204313449
2 120000001 0.633898735412249
2 120500001 0.637322705808608
2 121000001 0.641183425862887
2 121500001 0.644585821428667
2 122000001 0.648186595572674
2 122500001 0.652062310561206
2 123000001 0.656122380699676
2 123500001 0.659851359245323
2 124000001 0.663689279189471
2 124500001 0.667934150952926
2 125000001 0.671882470012277
2 125500001 0.67616555550955
2 126000001 0.680289655892769
2 126500001 0.684443530050143
2 127000001 0.688653046412196
2 127500001 0.693049083152459
2 128000001 0.697688009305406
2 128500001 0.702212770551585
2 129000001 0.706532427596973
2 129500001 0.71115602539736
2 130000001 0.715716681370693
2 130500001 0.720547983499284
2 131000001 0.725732740365991
2 131500001 0.729921708269715
2 132000001 0.735362130217621
2 132500001 0.740397929555576
2 133000001 0.745129534683536
2 133500001 0.750667871509529
2 134000001 0.755519238294642
2 134500001 0.760845248717275
2 135000001 0.765979655747179
2 135500001 0.771281111617795
2 136000001 0.776782959987455
2 136500001 0.782370708284702
2 137000001 0.787591622211151
2 137500001 0.79330396029999
2 138000001 0.798871319488006
2 138500001 0.804795044018729
2 139000001 0.81073362395716
2 139500001 0.815776671945884
2 140000001 0.822101084366074
2 140500001 0.827810535233818
2 141000001 0.834333972670533
2 141500001 0.839925070302116
2 142000001 0.846064366244581
2 142500001 0.852215501511446
2 143000001 0.858325662423536
2 143500001 0.864880975490916
2 144000001 0.871287906525743
2 144500001 0.877678477234717
2 145000001 0.884067568860474
2 145500001 0.890581827045372
2 146000001 0.897205944778854
2 146500001 0.904075247439979
2 147000001 0.910864208497142
2 147500001 0.917671506742118
2 148000001 0.924134526028883
2 148500001 0.931165767885686
2 149000001 0.937852747963724
2 149500001 0.944930309028222
2 150000001 0.949999013414697
20 1 4.4853841739325
20 500001 4.17522018288612
20 1000001 3.86561254754783
20 1500001 3.63469583881991
20 2000001 3.40538579799783
20 2500001 3.20606954765452
20 3000001 3.03035844475495
20 3500001 2.89412196802984
20 4000001 2.77359694331181
20 4500001 2.69166623751471
20 5000001 2.63532450303288
20 5500001 2.60887935632379
20 6000001 2.6125386854191
20 6500001 2.6443255194679
20 7000001 2.69696624786864
20 7500001 2.80329477260105
20 8000001 2.92572627437379
20 8500001 3.06779187339358
20 9000001 3.23853135937925
20 9500001 3.45257634409265
20 10000001 3.69378886700016
20 10500001 3.9418983548828
20 11000001 4.23274296919523
20 11500001 4.55683754193776
20 12000001 4.91305649327876
20 12500001 5.29652617577784
20 13000001 5.69561913466695
20 13500001 6.13532092809152
20 14000001 6.57607045076783
20 14500001 6.94553321778692
21 1 7.1361515941322
21 500001 7.0531662799473
21 1000001 6.96317312479315
21 1500001 6.9109467050995
21 2000001 6.86769528422278
21 2500001 6.84035085647409
21 3000001 6.82761404588562
21 3500001 6.82951028428167
21 4000001 6.84945515836706
21 4500001 6.88250198863538
21 5000001 6.93264804214523
21 5500001 6.99694914095403
21 6000001 7.0807850564003
21 6500001 7.18110372337595
21 7000001 7.26793494187367
21 7500001 7.37485964477462
22 1 8.76561952108621
22 500001 16.1803243566817
22 1000001 20.8200197671022
22 1500001 22.8244740706789
22 2000001 21.9739798961956
22 2500001 16.8147149498366
22 3000001 10.2890454895117
22 3500001 1.20573683179599
22 4000001 0
23 1 19.2920527073109
23 500001 14.1506675572443
23 1000001 10.8467756018453
23 1500001 7.67304403151426
23 2000001 5.45681495147988
23 2500001 4.33239637234144
23 3000001 3.510757709298
23 3500001 3.63541017721058
23 4000001 4.39791382337333
23 4500001 5.98054172906988
23 5000001 8.55097564455281
23 5500001 11.4189068694824
23 6000001 15.7815131187233
23 6500001 17.950853637405
24 1 1.78756101384622
24 500001 2.0542333975739
24 1000001 2.55431027804929
24 1500001 3.10314326103116
24 2000001 3.95429949194338
24 2500001 4.94998058070722
24 3000001 6.01995199389268
24 3500001 7.28246155679018
24 4000001 8.80856703265491
24 4500001 10.4774944524029
24 5000001 12.2504870685945
24 5500001 14.1499977556652
24 6000001 16.5005709661307
24 6500001 18.1310298496516
26 1 6.40605880648229
26 500001 6.80162469152829
26 1000001 7.20515034203564
26 1500001 7.74560870775263
26 2000001 8.34995689663887
26 2500001 8.97943753665192
26 3000001 9.76641901282
26 3500001 10.5508005381169
26 4000001 11.2928310492847
26 4500001 12.3504856927798
26 5000001 13.3967986193256
26 5500001 14.4358455219593
26 6000001 15.37746145666
26 6500001 16.1937080092294
27 1 77.3617603904346
27 500001 44.4016299650467
27 1000001 18.0663821707424
27 1500001 4.69532708591242
27 2000001 0
27 2500001 0.476173838334215
27 3000001 10.2109403260771
27 3500001 36.602675512189
27 4000001 58.3250731218391
28 1 0
28 500001 1.19556279172996
28 1000001 5.34353919585919
28 1500001 8.40292740758733
28 2000001 11.5284222700642
28 2500001 13.4241936279179
28 3000001 15.6219315502057
28 3500001 17.3882003475321
28 4000001 18.4888915714831
28 4500001 19.2634351429323
28 5000001 19.6000193274375
3 1 2.24529672189406
3 500001 2.22000111912315
3 1000001 2.18760362754593
3 1500001 2.15780277028321
3 2000001 2.12833841575456
3 2500001 2.10017792075213
3 3000001 2.06788982809488
3 3500001 2.03988177274802
3 4000001 2.00940873163039
3 4500001 1.98161112887924
3 5000001 1.9523400469542
3 5500001 1.92471316184495
3 6000001 1.89575564821039
3 6500001 1.86779253037622
3 7000001 1.84093104787066
3 7500001 1.8130791731197
3 8000001 1.78657243205803
3 8500001 1.75820449012036
3 9000001 1.73320792782116
3 9500001 1.70703487848533
3 10000001 1.67938485146878
3 10500001 1.65362289307156
3 11000001 1.62993130529442
3 11500001 1.60228246441125
3 12000001 1.57674543705049
3 12500001 1.55240828477649
3 13000001 1.52852933390327
3 13500001 1.50368361064114
3 14000001 1.48121841787031
3 14500001 1.45677866326884
3 15000001 1.43275667554694
3 15500001 1.40891543309529
3 16000001 1.38700955316178
3 16500001 1.36379609461984
3 17000001 1.34041964277067
3 17500001 1.31862040592459
3 18000001 1.29657466916643
3 18500001 1.27501819602518
3 19000001 1.25282845535266
3 19500001 1.23095506969561
3 20000001 1.21073571999475
3 20500001 1.19097483400524
3 21000001 1.16829710865148
3 21500001 1.14944805423731
3 22000001 1.12886061066301
3 22500001 1.10873788844071
3 23000001 1.08898843246362
3 23500001 1.06939497000486
3 24000001 1.05152094687711
3 24500001 1.031509113496
3 25000001 1.01386314136269
3 25500001 0.994595194656487
3 26000001 0.976806539723144
3 26500001 0.958897102650124
3 27000001 0.940098937236969
3 27500001 0.926376959657624
3 28000001 0.905576124042818
3 28500001 0.8923911840041
3 29000001 0.873163601409176
3 29500001 0.857252963558056
3 30000001 0.842849295824809
3 30500001 0.822924332134577
3 31000001 0.810334262937072
3 31500001 0.795796555305373
3 32000001 0.780200968125448
3 32500001 0.7639595492215
3 33000001 0.750644039931138
3 33500001 0.735989262794319
3 34000001 0.722666894417887
3 34500001 0.708488196701037
3 35000001 0.694815078822428
3 35500001 0.681101703217405
3 36000001 0.669586624246225
3 36500001 0.654728179064089
3 37000001 0.642989893888043
3 37500001 0.630995173862387
3 38000001 0.618075776896896
3 38500001 0.607407414581473
3 39000001 0.595138635292514
3 39500001 0.584622521049599
3 40000001 0.573129598498917
3 40500001 0.562363188379842
3 41000001 0.55150421216515
3 41500001 0.541649069849203
3 42000001 0.532005943066524
3 42500001 0.521963175052948
3 43000001 0.512442387189257
3 43500001 0.503761281868056
3 44000001 0.49407028812944
3 44500001 0.48470621293015
3 45000001 0.476839842370906
3 45500001 0.468300222769038
3 46000001 0.460791828107593
3 46500001 0.452648776755589
3 47000001 0.445010953543722
3 47500001 0.437826252062088
3 48000001 0.430598995133224
3 48500001 0.424261019623383
3 49000001 0.417636640548863
3 49500001 0.41162422364138
3 50000001 0.405317212216871
3 50500001 0.399526906227618
3 51000001 0.393990821159224
3 51500001 0.389019950603269
3 52000001 0.383733054860783
3 52500001 0.379160398757979
3 53000001 0.374758447863946
3 53500001 0.370175553376014
3 54000001 0.366206361040168
3 54500001 0.362590219253408
3 55000001 0.359012677234451
3 55500001 0.355869788411725
3 56000001 0.352914914081835
3 56500001 0.350151745830098
3 57000001 0.347679528495804
3 57500001 0.345428625332244
3 58000001 0.343347186234216
3 58500001 0.341675680963648
3 59000001 0.340235272838197
3 59500001 0.338987693078943
3 60000001 0.33801304999145
3 60500001 0.337294920775637
3 61000001 0.336766778715064
3 61500001 0.336537897801755
3 62000001 0.336569009526374
3 62500001 0.336837193549838
3 63000001 0.337368675879267
3 63500001 0.338109982222579
3 64000001 0.339202161838453
3 64500001 0.340411415647567
3 65000001 0.342027275979166
3 65500001 0.343710425196028
3 66000001 0.345783917395314
3 66500001 0.348133043587578
3 67000001 0.35052278970378
3 67500001 0.353450357947535
3 68000001 0.356413347738285
3 68500001 0.359695947842026
3 69000001 0.363244955532276
3 69500001 0.367018419494424
3 70000001 0.371309475059718
3 70500001 0.37547892236644
3 71000001 0.379913399403155
3 71500001 0.384748152492374
3 72000001 0.389796503008132
3 72500001 0.39509398779606
3 73000001 0.400466520176261
3 73500001 0.406503684627433
3 74000001 0.412684752120299
3 74500001 0.41856276086314
3 75000001 0.425528361393245
3 75500001 0.43249520936988
3 76000001 0.439320139607172
3 76500001 0.446302284015135
3 77000001 0.454117262832337
3 77500001 0.462048615096267
3 78000001 0.470010294882883
3 78500001 0.478297640680889
3 79000001 0.487266021100234
3 79500001 0.495753447462315
3 80000001 0.504866194136221
3 80500001 0.514217079694228
3 81000001 0.523672733504348
3 81500001 0.533371824174629
3 82000001 0.543581358173319
3 82500001 0.553772705086775
3 83000001 0.564508310436272
3 83500001 0.575123060728556
3 84000001 0.586259029626226
3 84500001 0.597341897894448
3 85000001 0.609175127176338
3 85500001 0.621247540162532
3 86000001 0.633241601164491
3 86500001 0.645149880391616
3 87000001 0.657895703979965
3 87500001 0.671036873637265
3 88000001 0.684325740877724
3 88500001 0.696783503067233
3 89000001 0.711166447508165
3 89500001 0.724306050475815
3 90000001 0.739779456355935
3 90500001 0.75357901442096
3 91000001 0.768056558384398
3 91500001 0.782239937804299
3 92000001 0.797324789245283
3 92500001 0.812555938487373
3 93000001 0.829354963905473
3 93500001 0.845122823181926
3 94000001 0.86076621322914
3 94500001 0.877498453670059
3 95000001 0.894252658208089
3 95500001 0.910657059658701
3 96000001 0.927374010464494
3 96500001 0.945761610185535
3 97000001 0.962786063429046
3 97500001 0.980678647021941
3 98000001 0.99786042257162
3 98500001 1.01657189456731
3 99000001 1.03543300188563
3 99500001 1.05471601482222
3 100000001 1.07308920695977
3 100500001 1.09282402697117
3 101000001 1.11344592432151
3 101500001 1.13310331919609
3 102000001 1.15301100263831
3 102500001 1.17231761289526
3 103000001 1.19356464790186
3 103500001 1.21491421149585
3 104000001 1.23520766310458
3 104500001 1.25711453654293
3 105000001 1.27878315782109
3 105500001 1.30063532543452
3 106000001 1.32362603600484
3 106500001 1.34521704358304
3 107000001 1.3668760582875
3 107500001 1.39108044404295
3 108000001 1.41406722460771
3 108500001 1.43612957831368
3 109000001 1.46081972559925
3 109500001 1.48421763752302
3 110000001 1.50884851251772
3 110500001 1.53322742393419
3 111000001 1.55708958520015
3 111500001 1.572895829586
31 1 NA
31 500001 NA
31 1000001 NA
32 1 NA
32 500001 NA
34 1 NA
34 500001 NA
4 1 3.02655992925053
4 500001 2.96922677833884
4 1000001 2.8927533836074
4 1500001 2.83291841276043
4 2000001 2.77413897295265
4 2500001 2.70622951827197
4 3000001 2.64468333325515
4 3500001 2.58825066839019
4 4000001 2.53067521739511
4 4500001 2.46995190955761
4 5000001 2.412777452915
4 5500001 2.35495562534542
4 6000001 2.29915805150223
4 6500001 2.24326972291584
4 7000001 2.19151892106757
4 7500001 2.14558606724949
4 8000001 2.07954667643515
4 8500001 2.0264949407724
4 9000001 1.98049804343164
4 9500001 1.93100134564569
4 10000001 1.88010620529977
4 10500001 1.83528094002471
4 11000001 1.78920231209131
4 11500001 1.73842277865872
4 12000001 1.69375124242431
4 12500001 1.64917696598035
4 13000001 1.6048521052152
4 13500001 1.56221954837268
4 14000001 1.51931932771284
4 14500001 1.47803626553629
4 15000001 1.43734580710768
4 15500001 1.39690114016562
4 16000001 1.35818633955684
4 16500001 1.32086474819548
4 17000001 1.28213404683992
4 17500001 1.24835181473486
4 18000001 1.20885661082391
4 18500001 1.17777177694634
4 19000001 1.14231146007176
4 19500001 1.11101692314541
4 20000001 1.07678334184342
4 20500001 1.04632065866589
4 21000001 1.01802289414932
4 21500001 0.984691131447384
4 22000001 0.95712132286663
4 22500001 0.928497461072774
4 23000001 0.901843712644494
4 23500001 0.87476610688218
4 24000001 0.851187038486558
4 24500001 0.824432017521252
4 25000001 0.802304050578105
4 25500001 0.776934851742646
4 26000001 0.757621166239859
4 26500001 0.735323776192449
4 27000001 0.714494873175909
4 27500001 0.695674229902119
4 28000001 0.677988865818959
4 28500001 0.659566513024745
4 29000001 0.642542904957015
4 29500001 0.626671342517544
4 30000001 0.611120840299483
4 30500001 0.596165129921246
4 31000001 0.583819784829505
4 31500001 0.57070825024382
4 32000001 0.558008119130291
4 32500001 0.547749266993814
4 33000001 0.537504648281453
4 33500001 0.527804454286368
4 34000001 0.51959417045954
4 34500001 0.512073482838556
4 35000001 0.505489477631747
4 35500001 0.499549453737017
4 36000001 0.494407007988654
4 36500001 0.490242020162072
4 37000001 0.486845181838875
4 37500001 0.484381931402272
4 38000001 0.482748783412649
4 38500001 0.48190158953388
4 39000001 0.481940700667344
4 39500001 0.482782938392213
4 40000001 0.484492650961868
4 40500001 0.4871261951315
4 41000001 0.490511929960533
4 41500001 0.494990886410053
4 42000001 0.499893705764149
4 42500001 0.506283481952248
4 43000001 0.512516744723178
4 43500001 0.520876504512696
4 44000001 0.528912525338803
4 44500001 0.538272050458031
4 45000001 0.548078674144739
4 45500001 0.560113386100471
4 46000001 0.571220372873301
4 46500001 0.584454164887973
4 47000001 0.597930134658836
4 47500001 0.611897541775875
4 48000001 0.627029133660082
4 48500001 0.644104414054489
4 49000001 0.660388845813007
4 49500001 0.678156364160296
4 50000001 0.696775274786309
4 50500001 0.715793214389938
4 51000001 0.73646760218439
4 51500001 0.759448446279856
4 52000001 0.7806512683817
4 52500001 0.803241605974666
4 53000001 0.8271032664754
4 53500001 0.851407754806073
4 54000001 0.877337422832177
4 54500001 0.903401861761373
4 55000001 0.932492219759557
4 55500001 0.960295744847472
4 56000001 0.987612226960127
4 56500001 1.01691671270702
4 57000001 1.04554687866971
4 57500001 1.08364346968141
4 58000001 1.11204524762362
4 58500001 1.14421862359234
4 59000001 1.17986563882006
4 59500001 1.21351873475632
4 60000001 1.24891408897288
4 60500001 1.28752005660589
4 61000001 1.32307721664481
4 61500001 1.36097491417932
4 62000001 1.4004226796424
4 62500001 1.43920576267665
4 63000001 1.48051666554645
4 63500001 1.5274229532838
4 64000001 1.566040067712
4 64500001 1.60838890345542
4 65000001 1.65343359408993
4 65500001 1.69709132569795
4 66000001 1.74616134027356
4 66500001 1.7855032594739
4 67000001 1.8403094938187
4 67500001 1.87998205148542
4 68000001 1.913523456285
4A 1 10.56423934046
4A 500001 9.77318097676661
4A 1000001 8.83547578764976
4A 1500001 8.0236223192581
4A 2000001 7.24346177849189
4A 2500001 6.48216668057734
4A 3000001 5.77996967150351
4A 3500001 5.14388168519795
4A 4000001 4.50450179328107
4A 4500001 3.94850938865148
4A 5000001 3.4257351910485
4A 5500001 2.92047721803685
4A 6000001 2.43548002587325
4A 6500001 2.09652248706842
4A 7000001 1.70852273010859
4A 7500001 1.38536404856365
4A 8000001 1.13016381535217
4A 8500001 0.894126449556947
4A 9000001 0.708524133108992
4A 9500001 0.569018290802321
4A 10000001 0.467042971898809
4A 10500001 0.415283330580146
4A 11000001 0.40384924126128
4A 11500001 0.439990424218813
4A 12000001 0.518202695076768
4A 12500001 0.640704147619708
4A 13000001 0.798683965260558
4A 13500001 1.00957320926914
4A 14000001 1.24927768905583
4A 14500001 1.55821696661807
4A 15000001 1.86908053341705
4A 15500001 2.27266767351179
4A 16000001 2.71309796736757
4A 16500001 3.18567158610477
4A 17000001 3.65730656903392
4A 17500001 4.18745121041671
4A 18000001 4.82756882493646
4A 18500001 5.40874316338082
4A 19000001 6.07837719273385
4A 19500001 6.83026548426076
5 1 3.47379400033098
5 500001 3.3431382165337
5 1000001 3.21793083107924
5 1500001 3.08665918380935
5 2000001 2.96264282102419
5 2500001 2.84869884096969
5 3000001 2.72672461870373
5 3500001 2.60804913111343
5 4000001 2.4807161911927
5 4500001 2.37948882404837
5 5000001 2.26767752075099
5 5500001 2.15832852427
5 6000001 2.07534659441073
5 6500001 1.95895866138566
5 7000001 1.83869230302474
5 7500001 1.75208929092541
5 8000001 1.65387012862215
5 8500001 1.55455897176873
5 9000001 1.47094749111765
5 9500001 1.39019730743463
5 10000001 1.29125069721769
5 10500001 1.19451187028
5 11000001 1.12731727993475
5 11500001 1.05473113457364
5 12000001 0.958648285037662
5 12500001 0.893164828452829
5 13000001 0.82367107965505
5 13500001 0.750326854306925
5 14000001 0.68508408405234
5 14500001 0.615588460305377
5 15000001 0.557589341023822
5 15500001 0.488132678616871
5 16000001 0.434738664586196
5 16500001 0.379983769206266
5 17000001 0.323860431280241
5 17500001 0.267693757910467
5 18000001 0.2253966228089
5 18500001 0.176002347132855
5 19000001 0.129970987003276
5 19500001 0.0894918321051334
5 20000001 0.047381451717016
5 20500001 0.0128049598908143
5 21000001 0
5 21500001 0
5 22000001 0
5 22500001 0
5 23000001 0
5 23500001 0
5 24000001 0
5 24500001 0
5 25000001 0
5 25500001 0
5 26000001 0
5 26500001 0
5 27000001 0
5 27500001 0
5 28000001 0
5 28500001 0
5 29000001 0
5 29500001 0
5 30000001 0
5 30500001 0
5 31000001 0
5 31500001 0
5 32000001 0
5 32500001 0
5 33000001 0
5 33500001 0
5 34000001 0
5 34500001 0
5 35000001 0
5 35500001 0
5 36000001 0.00516785630435197
5 36500001 0.0364171312412045
5 37000001 0.0788105250255383
5 37500001 0.12161121531717
5 38000001 0.163628793898409
5 38500001 0.209381597422458
5 39000001 0.25806742891822
5 39500001 0.313783781322344
5 40000001 0.369155407420007
5 40500001 0.422971830132258
5 41000001 0.475886368471597
5 41500001 0.539455979482086
5 42000001 0.602842203650037
5 42500001 0.664849440127584
5 43000001 0.732162648103933
5 43500001 0.802270611574018
5 44000001 0.875189526620763
5 44500001 0.948321993242176
5 45000001 1.02904062734314
5 45500001 1.10607448673919
5 46000001 1.1911977229296
5 46500001 1.27508580791966
5 47000001 1.35786554998566
5 47500001 1.44767469187803
5 48000001 1.53353956458176
5 48500001 1.62865107518621
5 49000001 1.72212159742393
5 49500001 1.83069742186114
5 50000001 1.92587210468834
5 50500001 2.02046970676835
5 51000001 2.1338645111072
5 51500001 2.24209203829056
5 52000001 2.35583806147952
5 52500001 2.46489642329595
5 53000001 2.57626149542375
5 53500001 2.6906486368518
5 54000001 2.81530508804563
5 54500001 2.92586150484435
5 55000001 3.05370997154534
5 55500001 3.17983308576235
5 56000001 3.31479513784654
5 56500001 3.44787763379154
5 57000001 3.58110053406074
5 57500001 3.70808404696293
5 58000001 3.85655720378179
5 58500001 3.98163302419937
5 59000001 4.12352317608107
5 59500001 4.29124072590952
5 60000001 4.42077231125009
5 60500001 4.56498401066781
5 61000001 4.72032483485286
5 61500001 4.85437866397118
6 1 6.16541872674763
6 500001 5.77287348395027
6 1000001 5.33197427115982
6 1500001 4.90691577727957
6 2000001 4.55644643316926
6 2500001 4.17842813357726
6 3000001 3.83866034593858
6 3500001 3.47705581302005
6 4000001 3.15163415318288
6 4500001 2.84082313684146
6 5000001 2.54625117153514
6 5500001 2.25517007140757
6 6000001 1.9821421465533
6 6500001 1.72803964689067
6 7000001 1.52710102217376
6 7500001 1.28483827140375
6 8000001 1.05003846307278
6 8500001 0.874542767910833
6 9500001 0.441741761399381
6 10000001 0.33924581715172
6 10500001 0.209381994375266
6 11000001 0.0865906235817593
6 11500001 0.00302171384807545
6 12000001 0
6 12500001 0
6 13000001 0
6 13500001 0
6 14000001 0
6 14500001 0
6 15000001 0
6 15500001 0
6 16000001 0
6 16500001 0
6 17000001 0
6 17500001 0
6 18000001 0
6 18500001 0
6 19000001 0.0423231243560941
6 19500001 0.14040520946717
6 20000001 0.273268769918899
6 20500001 0.444198428409867
6 21000001 0.592795706772219
6 21500001 0.762153104946152
6 22000001 0.956778135999707
6 22500001 1.1777893331408
6 23000001 1.39132802621426
6 23500001 1.63123574842898
6 24000001 1.87134893172593
6 24500001 2.15420911101078
6 25000001 2.41191089728093
6 25500001 2.69886935856922
6 26000001 3.01554615033543
6 26500001 3.33996473865916
6 27000001 3.66849438842607
6 27500001 4.01951905985856
6 28000001 4.38579843339601
6 28500001 4.73387051524222
6 29000001 5.16416690845756
6 29500001 5.57233641801488
6 30000001 5.98662241049761
6 30500001 6.3994165798634
6 31000001 6.87249203111878
6 31500001 7.34212058868138
6 32000001 7.80341874934351
6 32500001 8.31011854262242
6 33000001 8.79558538430967
6 33500001 9.35037115935508
6 34000001 9.78001549766833
7 1 5.29963012039362
7 500001 4.97465508947309
7 1000001 4.65237428596211
7 1500001 4.38131791625131
7 2000001 4.08065878095126
7 2500001 3.82864404282692
7 3000001 3.57027429646054
7 3500001 3.29976002686295
7 4000001 3.06064422861403
7 4500001 2.82388100523178
7 5000001 2.59222154794115
7 5500001 2.37618618873527
7 6000001 2.17430690015237
7 6500001 1.97299747879591
7 7000001 1.77117597981664
7 7500001 1.59135666801757
7 8000001 1.41091015272717
7 8500001 1.25831567683934
7 9000001 1.09650891882194
7 9500001 0.951397508375011
7 10000001 0.814367497407444
7 10500001 0.682425400952411
7 11000001 0.577116824202595
7 11500001 0.454060565125368
7 12000001 0.357580615723955
7 12500001 0.271893501717687
7 13000001 0.186955089079325
7 13500001 0.111681470899503
7 14000001 0.0445155203772575
7 14500001 0.00281810608325351
7 15000001 0
7 15500001 0
7 16000001 0
7 16500001 0
7 17000001 0
7 17500001 0
7 18000001 0
7 18500001 0
7 19000001 0
7 19500001 0
7 20000001 0.00297271064600928
7 20500001 0.0421065774845624
7 21000001 0.108606003706578
7 21500001 0.161705902865864
7 22000001 0.260093953936673
7 22500001 0.35733287706961
7 23000001 0.453649623176505
7 23500001 0.564554279521809
7 24000001 0.675754158463306
7 24500001 0.811170299305652
7 25000001 0.933382114974318
7 25500001 1.08193313635806
7 26000001 1.23989091854656
7 26500001 1.40517177106425
7 27000001 1.58128509556177
7 27500001 1.76016675161676
7 28000001 1.94275505899205
7 28500001 2.14872511679441
7 29000001 2.35713540729215
7 29500001 2.57371624324789
7 30000001 2.79711032332461
7 30500001 3.04025286765878
7 31000001 3.27717555547152
7 31500001 3.53818413728691
7 32000001 3.80387405016878
7 32500001 4.08024707901185
7 33000001 4.36478947181486
7 33500001 4.63464463658775
7 34000001 4.9436604551093
7 34500001 5.26460333186351
7 35000001 5.5668635370092
7 35500001 5.90058116257407
7 36000001 6.20990678439111
7 36500001 6.62324875833295
7 37000001 6.97003766550039
7 37500001 7.16789184072943
8 1 3.72939661032984
8 500001 3.45365006824426
8 1000001 3.20355656520768
8 1500001 2.91903076205426
8 2000001 2.66293106176035
8 2500001 2.43910024777487
8 3000001 2.24415992190935
8 3500001 2.00248215694227
8 4000001 1.80651978718581
8 4500001 1.61804805898974
8 5000001 1.44219009493601
8 5500001 1.26887629529767
8 6000001 1.1168187439362
8 6500001 0.982692450437513
8 7000001 0.837455699665319
8 7500001 0.70878749387914
8 8000001 0.598984739530912
8 8500001 0.495782399463508
8 9000001 0.403477320193929
8 9500001 0.33435203639085
8 10000001 0.269561702858987
8 10500001 0.213769268293187
8 11000001 0.173564493676728
8 11500001 0.142561821121644
8 12000001 0.121587540563165
8 12500001 0.112969477331087
8 13000001 0.115294772922407
8 13500001 0.13135585114342
8 14000001 0.155141167631818
8 14500001 0.191664961261676
8 15000001 0.243669415980669
8 15500001 0.301910639499938
8 16000001 0.37234301774941
8 16500001 0.450913331510641
8 17000001 0.541150979580263
8 17500001 0.654534351316984
8 18000001 0.771489376568706
8 18500001 0.897360944025362
8 19000001 1.03497875827626
8 19500001 1.18693789504676
8 20000001 1.34644592932446
8 20500001 1.51905625468544
8 21000001 1.7234842942187
8 21500001 1.92122531035694
8 22000001 2.10396955718373
8 22500001 2.33644239893041
8 23000001 2.56443020790119
8 23500001 2.80633684916918
8 24000001 3.05834814758983
8 24500001 3.30874840267908
8 25000001 3.58166003915493
8 25500001 3.88586175772834
8 26000001 4.17818530714552
8 26500001 4.49543517306701
8 27000001 4.82171172248866
8 27500001 5.14033671569455
8 28000001 5.48679165411017
8 28500001 5.85928497753956
8 29000001 6.2162465911879
8 29500001 6.58282888193145
8 30000001 6.96073405208994
8 30500001 7.39784318181326
8 31000001 7.68809143405097
9 1 3.16034748568221
9 500001 2.89485129085973
9 1000001 2.56042829918603
9 1500001 2.27442122163996
9 2000001 2.00367494466877
9 2500001 1.77017289344
9 3000001 1.4650934387874
9 3500001 1.26936305050142
9 4000001 1.08196831659292
9 4500001 0.871127163860261
9 5000001 0.713409261385736
9 5500001 0.580094494493122
9 6000001 0.435693724737696
9 6500001 0.336260539476858
9 7000001 0.253756777582588
9 7500001 0.18398328094488
9 8000001 0.132562814632881
9 8500001 0.0988811786355567
9 9000001 0.0845142410506004
9 9500001 0.0896128385926012
9 10000001 0.111442791459422
9 10500001 0.156276490220781
9 11000001 0.219048990480277
9 11500001 0.294152652477656
9 12000001 0.401839733783784
9 12500001 0.50452139151424
9 13000001 0.666486934785389
9 13500001 0.805110770636733
9 14000001 0.975369014640905
9 14500001 1.17104500718895
9 15000001 1.36975086741021
9 15500001 1.60364412754402
9 16000001 1.85730165109434
9 16500001 2.17733518417933
9 17000001 2.42723867173388
9 17500001 2.72936693914131
9 18000001 3.05603080874391
9 18500001 3.37799015156019
9 19000001 3.77181897779979
9 19500001 4.16370109807378
9 20000001 4.54609738428523
9 20500001 4.94273057071644
9 21000001 5.40475475776835
9 21500001 5.84887194143249
9 22000001 6.34380612072684
9 22500001 6.83585211077877
9 23000001 7.32486579519377
9 23500001 7.89187802134632
9 24000001 8.44121326427698
9 24500001 8.95721485770127
9 25000001 9.35857232001875
Un 1 NA
Un 500001 NA
Un 1000001 NA
Un 1500001 NA
Un 2000001 NA
Un 2500001 NA
Z 1 1.6011398485983
Z 500001 1.56827598298908
Z 1000001 1.53128179260699
Z 1500001 1.50080182016097
Z 2000001 1.46420027723358
Z 2500001 1.43115615292813
Z 3000001 1.39632950275037
Z 3500001 1.36380128369841
Z 4000001 1.33119203322928
Z 4500001 1.30105803765572
Z 5000001 1.26658320732089
Z 5500001 1.23806395051686
Z 6000001 1.20410177176063
Z 6500001 1.17603606722481
Z 7000001 1.1450069350243
Z 7500001 1.11770748106603
Z 8000001 1.08630543553016
Z 8500001 1.06395657047213
Z 9000001 1.03089000585968
Z 9500001 1.00451513805403
Z 10000001 0.978741327799409
Z 10500001 0.950776149468575
Z 11000001 0.926204929723537
Z 11500001 0.899686366506397
Z 12000001 0.87415926071871
Z 12500001 0.850605911744764
Z 13000001 0.82678099221694
Z 13500001 0.80083408310406
Z 14000001 0.778381267335995
Z 14500001 0.756366742449639
Z 15000001 0.733298941811518
Z 15500001 0.712367897853993
Z 16000001 0.689334558932884
Z 16500001 0.669835185429618
Z 17000001 0.649731706035072
Z 17500001 0.629482778546757
Z 18000001 0.609812004074203
Z 18500001 0.591141819709292
Z 19000001 0.571306626852389
Z 19500001 0.553848761512805
Z 20000001 0.535889621930524
Z 20500001 0.518448661640036
Z 21000001 0.502376455963259
Z 21500001 0.485870799497531
Z 22000001 0.470137925157446
Z 22500001 0.454974341764918
Z 23000001 0.439227248667769
Z 23500001 0.425148516170128
Z 24000001 0.411657368599474
Z 24500001 0.397369879913749
Z 25000001 0.383956368542882
Z 25500001 0.372466315423659
Z 26000001 0.360554008760024
Z 26500001 0.347969942695696
Z 27000001 0.337257098445737
Z 27500001 0.326171777272591
Z 28000001 0.316202161653919
Z 28500001 0.30623012350186
Z 29000001 0.296860214200849
Z 29500001 0.288195571653587
Z 30000001 0.280147034161912
Z 30500001 0.271587679694109
Z 31000001 0.264529921569752
Z 31500001 0.257343789879324
Z 32000001 0.250945230176078
Z 32500001 0.244775824351287
Z 33000001 0.239010446623408
Z 33500001 0.234187071671
Z 34000001 0.22907077289464
Z 34500001 0.224940069982908
Z 35000001 0.221203332999143
Z 35500001 0.217760747552488
Z 36000001 0.215105290631484
Z 36500001 0.212609268785216
Z 37000001 0.210788688184698
Z 37500001 0.209408804730316
Z 38000001 0.208361093429515
Z 38500001 0.207835798221554
Z 39000001 0.207759119643518
Z 39500001 0.208162465600643
Z 40000001 0.208949129475877
Z 40500001 0.210384420220101
Z 41000001 0.212195525775597
Z 41500001 0.214365996190009
Z 42000001 0.217042410807546
Z 42500001 0.22009159915546
Z 43000001 0.224018209038544
Z 43500001 0.228201772000313
Z 44000001 0.232327240101201
Z 44500001 0.237813382896592
Z 45000001 0.243008747264913
Z 45500001 0.248703700628947
Z 46000001 0.255567171512962
Z 46500001 0.26252639184733
Z 47000001 0.269802734636242
Z 47500001 0.277489492075417
Z 48000001 0.285771808451157
Z 48500001 0.294821689157727
Z 49000001 0.304009782823547
Z 49500001 0.313474230388968
Z 50000001 0.322941739571174
Z 50500001 0.334130307945101
Z 51000001 0.345320393232201
Z 51500001 0.355561208219907
Z 52000001 0.371056474338048
Z 52500001 0.381170831916508
Z 53000001 0.394232811693771
Z 53500001 0.407309132582723
Z 54000001 0.421355851411761
Z 54500001 0.435718127193361
Z 55000001 0.449424853891343
Z 55500001 0.466514157822702
Z 56000001 0.481274557883813
Z 56500001 0.497222071924393
Z 57000001 0.514501324038794
Z 57500001 0.532559803056988
Z 58000001 0.545534247997021
Z 58500001 0.567310434025
Z 59000001 0.58237121544475
Z 59500001 0.600865026247
Z 60500001 0.643849575073786
Z 61000001 0.664511050099846
Z 61500001 0.685926390526091
Z 62000001 0.711993512043633
Z 62500001 0.732144784894444
Z 63000001 0.753554527146
Z 63500001 0.77661069063805
Z 64000001 0.798673690753551
Z 64500001 0.818069437464312
Z 65000001 0.844609511074982
Z 65500001 0.86882698013672
Z 66000001 0.893195850276603
Z 66500001 0.917887665147043
Z 67000001 0.944515236531701
Z 67500001 0.9711659999328
Z 68000001 0.998279692850609
Z 68500001 1.02511450454315
Z 69000001 1.05193502342406
Z 69500001 1.081803451087
Z 70000001 1.10976214873963
Z 70500001 1.13807044291057
Z 71000001 1.16707243477229
Z 71500001 1.19752685871665
Z 72000001 1.22823516555953
Z 72500001 1.25972494317202
Z 73000001 1.29069167995039
Z 73500001 1.3238124572424
Z 74000001 1.35667255559504
Z 74500001 1.372274569315
